10 0.15198863636363635 0.9520833333333333 0.07102272727272728 0.09583333333333334
10 0.109375 0.6125 0.036931818181818184 0.125
3 0.20880681818181818 0.49375 0.05965909090909091 0.05416666666666667
10 0.1875 0.43333333333333335 0.03409090909090909 0.058333333333333334
1 0.36363636363636365 0.8875 0.18181818181818182 0.225
2 0.24431818181818182 0.3958333333333333 0.028409090909090908 0.03333333333333333
1 0.22443181818181818 0.36875 0.022727272727272728 0.029166666666666667
1 0.7144886363636364 0.9166666666666666 0.3210227272727273 0.16666666666666666
9 0.42045454545454547 0.5458333333333333 0.2159090909090909 0.2833333333333333
1 0.28551136363636365 0.4083333333333333 0.03125 0.03333333333333333
3 0.2713068181818182 0.36875 0.02556818181818182 0.029166666666666667
3 0.3380681818181818 0.3958333333333333 0.022727272727272728 0.016666666666666666
1 0.35511363636363635 0.39375 0.022727272727272728 0.020833333333333332
9 0.3096590909090909 0.35625 0.05113636363636364 0.05416666666666667
9 0.4815340909090909 0.4395833333333333 0.1278409090909091 0.12083333333333333
1 0.7414772727272727 0.8083333333333333 0.2159090909090909 0.175
