10 0.05823863636363636 0.6166666666666667 0.02556818181818182 0.125
1 0.16477272727272727 0.6041666666666666 0.09090909090909091 0.1
10 0.22727272727272727 0.6270833333333333 0.022727272727272728 0.1125
10 0.23011363636363635 0.5458333333333333 0.017045454545454544 0.06666666666666667
10 0.20738636363636365 0.5270833333333333 0.017045454545454544 0.07083333333333333
1 0.3068181818181818 0.68125 0.10227272727272728 0.12916666666666668
1 0.2784090909090909 0.48333333333333334 0.05113636363636364 0.058333333333333334
1 0.2159090909090909 0.46458333333333335 0.05113636363636364 0.0625
9 0.22585227272727273 0.3541666666666667 0.036931818181818184 0.058333333333333334
3 0.6889204545454546 0.9666666666666667 0.22443181818181818 0.06666666666666667
1 0.5525568181818182 0.7416666666666667 0.17329545454545456 0.15
2 0.43607954545454547 0.6270833333333333 0.10511363636363637 0.0875
3 0.36079545454545453 0.5145833333333333 0.0625 0.0625
1 0.32386363636363635 0.4625 0.045454545454545456 0.05
1 0.28551136363636365 0.39791666666666664 0.03125 0.0375
1 0.2713068181818182 0.3729166666666667 0.019886363636363636 0.020833333333333332
1 0.42613636363636365 0.5041666666666667 0.06818181818181818 0.058333333333333334
1 0.41761363636363635 0.46875 0.06818181818181818 0.0375
1 0.3494318181818182 0.425 0.03977272727272727 0.041666666666666664
2 0.31392045454545453 0.38958333333333334 0.02556818181818182 0.029166666666666667
9 0.7713068181818182 0.6666666666666666 0.40625 0.36666666666666664
9 0.4161931818181818 0.4 0.11079545454545454 0.09166666666666666
