3 0.20880681818181818 0.5041666666666667 0.06534090909090909 0.06666666666666667
10 0.18892045454545456 0.43333333333333335 0.03125 0.05
9 0.48579545454545453 0.61875 0.4375 0.37916666666666665
2 0.23295454545454544 0.39791666666666664 0.03409090909090909 0.029166666666666667
1 0.21732954545454544 0.38125 0.02556818181818182 0.029166666666666667
1 0.2869318181818182 0.40625 0.03409090909090909 0.0375
3 0.2741477272727273 0.38333333333333336 0.03125 0.03333333333333333
1 0.390625 0.44166666666666665 0.03125 0.025
3 0.3380681818181818 0.4083333333333333 0.03409090909090909 0.03333333333333333
1 0.37926136363636365 0.41458333333333336 0.036931818181818184 0.029166666666666667
9 0.32386363636363635 0.36666666666666664 0.06818181818181818 0.06666666666666667
9 0.48295454545454547 0.4395833333333333 0.13068181818181818 0.12083333333333333
