10 0.171875 0.4708333333333333 0.019886363636363636 0.06666666666666667
10 0.18039772727272727 0.45416666666666666 0.014204545454545454 0.058333333333333334
10 0.19744318181818182 0.3729166666666667 0.008522727272727272 0.0375
9 0.39488636363636365 0.725 0.3465909090909091 0.55
1 0.24005681818181818 0.4354166666666667 0.03125 0.0375
2 0.22869318181818182 0.4041666666666667 0.02556818181818182 0.03333333333333333
3 0.22301136363636365 0.3729166666666667 0.019886363636363636 0.029166666666666667
1 0.6122159090909091 0.8166666666666667 0.08806818181818182 0.18333333333333332
2 0.37642045454545453 0.475 0.06534090909090909 0.05
1 0.2556818181818182 0.39375 0.028409090909090908 0.029166666666666667
1 0.7741477272727273 0.8833333333333333 0.24147727272727273 0.21666666666666667
5 0.546875 0.5791666666666667 0.1846590909090909 0.225
9 0.32670454545454547 0.3958333333333333 0.11363636363636363 0.09166666666666666
2 0.7883522727272727 0.7395833333333334 0.20738636363636365 0.15416666666666667
9 0.41051136363636365 0.39791666666666664 0.11647727272727272 0.09583333333333334
