1 0.16051136363636365 0.6020833333333333 0.09943181818181818 0.10416666666666667
10 0.1590909090909091 0.5020833333333333 0.017045454545454544 0.07083333333333333
2 0.2940340909090909 0.5708333333333333 0.07102272727272728 0.08333333333333333
3 0.21022727272727273 0.5083333333333333 0.0625 0.06666666666666667
1 0.21448863636363635 0.45625 0.048295454545454544 0.05416666666666667
1 0.22585227272727273 0.3958333333333333 0.03125 0.025
1 0.38636363636363635 0.5541666666666667 0.09090909090909091 0.08333333333333333
3 0.3153409090909091 0.4395833333333333 0.056818181818181816 0.0625
1 0.4928977272727273 0.5583333333333333 0.09375 0.075
1 0.3977272727272727 0.46041666666666664 0.05113636363636364 0.04583333333333333
3 0.3622159090909091 0.43333333333333335 0.036931818181818184 0.03333333333333333
3 0.34232954545454547 0.40625 0.03125 0.020833333333333332
9 0.32670454545454547 0.36875 0.06818181818181818 0.07083333333333333
10 0.6477272727272727 0.5666666666666667 0.0625 0.08333333333333333
9 0.5170454545454546 0.4625 0.14204545454545456 0.13333333333333333
