1 0.16193181818181818 0.6020833333333333 0.09659090909090909 0.10416666666666667
10 0.17897727272727273 0.4354166666666667 0.011363636363636364 0.04583333333333333
3 0.20738636363636365 0.5104166666666666 0.06818181818181818 0.0625
2 0.28551136363636365 0.5104166666666666 0.05965909090909091 0.07083333333333333
1 0.22017045454545456 0.4125 0.03125 0.041666666666666664
1 0.22585227272727273 0.38125 0.02556818181818182 0.020833333333333332
1 0.34801136363636365 0.4979166666666667 0.06534090909090909 0.0625
3 0.2883522727272727 0.40625 0.04261363636363636 0.04583333333333333
1 0.4375 0.5020833333333333 0.07386363636363637 0.0625
1 0.38636363636363635 0.45 0.045454545454545456 0.041666666666666664
3 0.35511363636363635 0.4270833333333333 0.03977272727272727 0.0375
3 0.3380681818181818 0.41041666666666665 0.03409090909090909 0.029166666666666667
9 0.32386363636363635 0.3645833333333333 0.06818181818181818 0.0625
10 0.6505681818181818 0.5666666666666667 0.06818181818181818 0.08333333333333333
9 0.5142045454545454 0.46041666666666664 0.13636363636363635 0.1375
