2 0.2840909090909091 0.94375 0.19886363636363635 0.10416666666666667
1 0.2471590909090909 0.6354166666666666 0.09659090909090909 0.1125
1 0.24431818181818182 0.48541666666666666 0.056818181818181816 0.0625
1 0.234375 0.42916666666666664 0.04261363636363636 0.041666666666666664
1 0.22727272727272727 0.38958333333333334 0.03409090909090909 0.029166666666666667
1 0.7215909090909091 0.9270833333333334 0.3068181818181818 0.14583333333333334
1 0.3835227272727273 0.6354166666666666 0.10795454545454546 0.1125
1 0.3380681818181818 0.47291666666666665 0.05113636363636364 0.05416666666666667
4 0.2940340909090909 0.41458333333333336 0.04261363636363636 0.04583333333333333
1 0.8196022727272727 0.84375 0.26988636363636365 0.2375
1 0.5525568181818182 0.6375 0.1278409090909091 0.10833333333333334
9 0.42329545454545453 0.42083333333333334 0.06818181818181818 0.11666666666666667
9 0.3352272727272727 0.3770833333333333 0.08522727272727272 0.07083333333333333
10 0.6463068181818182 0.6 0.03125 0.1
10 0.5454545454545454 0.50625 0.022727272727272728 0.07083333333333333
10 0.5213068181818182 0.4895833333333333 0.019886363636363636 0.0625
