10 0.21448863636363635 0.5979166666666667 0.036931818181818184 0.1125
2 0.2372159090909091 0.4125 0.036931818181818184 0.041666666666666664
1 0.24147727272727273 0.38333333333333336 0.028409090909090908 0.025
1 0.3125 0.42291666666666666 0.045454545454545456 0.0375
1 0.28551136363636365 0.40625 0.03125 0.029166666666666667
1 0.2755681818181818 0.3875 0.03409090909090909 0.025
9 0.765625 0.725 0.46875 0.35
10 0.3650568181818182 0.43333333333333335 0.03125 0.05
1 0.33948863636363635 0.4041666666666667 0.03125 0.03333333333333333
1 0.32670454545454547 0.38958333333333334 0.03409090909090909 0.029166666666666667
9 0.43892045454545453 0.41875 0.1278409090909091 0.10416666666666667
