1 0.2911931818181818 0.6479166666666667 0.09375 0.12083333333333333
2 0.2528409090909091 0.5125 0.06818181818181818 0.10833333333333334
10 0.22443181818181818 0.4395833333333333 0.011363636363636364 0.0375
2 0.22443181818181818 0.42291666666666666 0.03977272727272727 0.0375
4 0.22301136363636365 0.38958333333333334 0.03125 0.0375
1 0.5582386363636364 0.8395833333333333 0.20738636363636365 0.20416666666666666
3 0.4034090909090909 0.6041666666666666 0.10227272727272728 0.1
2 0.34375 0.5083333333333333 0.06818181818181818 0.06666666666666667
5 0.29545454545454547 0.4395833333333333 0.06818181818181818 0.07916666666666666
4 0.28551136363636365 0.3875 0.03125 0.041666666666666664
1 0.2556818181818182 0.3770833333333333 0.028409090909090908 0.029166666666666667
1 0.8125 0.8979166666666667 0.2727272727272727 0.20416666666666666
1 0.5482954545454546 0.6354166666666666 0.13068181818181818 0.10416666666666667
1 0.4303977272727273 0.5125 0.07670454545454546 0.075
3 0.3693181818181818 0.4583333333333333 0.056818181818181816 0.05
1 0.3409090909090909 0.41875 0.045454545454545456 0.0375
1 0.3224431818181818 0.39166666666666666 0.03125 0.03333333333333333
2 0.6519886363636364 0.6208333333333333 0.16193181818181818 0.125
1 0.4943181818181818 0.5020833333333333 0.07386363636363637 0.0625
1 0.40767045454545453 0.44166666666666665 0.048295454545454544 0.041666666666666664
