10 0.12073863636363637 0.44166666666666665 0.014204545454545454 0.058333333333333334
10 0.1534090909090909 0.65625 0.03409090909090909 0.1375
10 0.21732954545454544 0.5583333333333333 0.019886363636363636 0.09166666666666666
3 0.20880681818181818 0.49375 0.05397727272727273 0.05416666666666667
10 0.18607954545454544 0.4354166666666667 0.036931818181818184 0.05416666666666667
3 0.38920454545454547 0.875 0.20454545454545456 0.24166666666666667
1 0.29829545454545453 0.6354166666666666 0.09090909090909091 0.1125
2 0.7059659090909091 0.95 0.23579545454545456 0.1
1 0.484375 0.70625 0.15625 0.17083333333333334
9 0.3821022727272727 0.4875 0.13920454545454544 0.2
1 0.2627840909090909 0.3729166666666667 0.02556818181818182 0.020833333333333332
1 0.8636363636363636 0.9145833333333333 0.2727272727272727 0.17083333333333334
1 0.7116477272727273 0.7208333333333333 0.1846590909090909 0.13333333333333333
1 0.5042613636363636 0.55 0.09375 0.06666666666666667
3 0.31392045454545453 0.38333333333333336 0.03125 0.025
9 0.4815340909090909 0.4395833333333333 0.12215909090909091 0.12083333333333333
