1 0.3409090909090909 0.9895833333333334 0.125 0.020833333333333332
10 0.1846590909090909 0.41875 0.011363636363636364 0.05416666666666667
10 0.1903409090909091 0.39166666666666666 0.011363636363636364 0.041666666666666664
1 0.3650568181818182 0.7041666666666667 0.16193181818181818 0.15833333333333333
1 0.2585227272727273 0.5520833333333334 0.07386363636363637 0.09583333333333334
1 0.23579545454545456 0.45625 0.045454545454545456 0.05416666666666667
2 0.23011363636363635 0.38125 0.028409090909090908 0.0375
4 0.3494318181818182 0.5208333333333334 0.08522727272727272 0.09166666666666666
2 0.2869318181818182 0.425 0.03977272727272727 0.05
1 0.28125 0.38958333333333334 0.028409090909090908 0.029166666666666667
1 0.7840909090909091 0.86875 0.26136363636363635 0.2125
1 0.484375 0.6 0.13920454545454544 0.1
9 0.4289772727272727 0.45 0.07954545454545454 0.15
10 0.7258522727272727 0.6583333333333333 0.04261363636363636 0.10833333333333334
10 0.6590909090909091 0.6104166666666667 0.03409090909090909 0.09583333333333334
9 0.3693181818181818 0.39791666666666664 0.09090909090909091 0.0875
1 0.3181818181818182 0.38125 0.017045454545454544 0.029166666666666667
