2 0.23863636363636365 0.41458333333333336 0.03977272727272727 0.04583333333333333
1 0.2372159090909091 0.38333333333333336 0.03125 0.025
1 0.31392045454545453 0.42291666666666666 0.04261363636363636 0.0375
1 0.2869318181818182 0.41041666666666665 0.03409090909090909 0.029166666666666667
1 0.27982954545454547 0.39375 0.03125 0.029166666666666667
1 0.34375 0.40625 0.03409090909090909 0.0375
1 0.32670454545454547 0.3854166666666667 0.03977272727272727 0.029166666666666667
10 0.5667613636363636 0.5145833333333333 0.048295454545454544 0.05416666666666667
9 0.43892045454545453 0.42083333333333334 0.13352272727272727 0.10833333333333334
9 0.9161931818181818 0.7875 0.16761363636363635 0.325
