10 0.1377840909090909 0.69375 0.036931818181818184 0.14583333333333334
10 0.19460227272727273 0.39791666666666664 0.014204545454545454 0.05416666666666667
2 0.3039772727272727 0.7604166666666666 0.14772727272727273 0.22083333333333333
2 0.26988636363636365 0.5604166666666667 0.06818181818181818 0.07916666666666666
3 0.24147727272727273 0.46458333333333335 0.045454545454545456 0.05416666666666667
2 0.2372159090909091 0.41875 0.036931818181818184 0.0375
2 0.2315340909090909 0.3854166666666667 0.02556818181818182 0.029166666666666667
1 0.47301136363636365 0.7479166666666667 0.15625 0.1625
1 0.390625 0.6 0.10511363636363637 0.1
7 0.3522727272727273 0.4979166666666667 0.06818181818181818 0.07083333333333333
2 0.3210227272727273 0.45625 0.056818181818181816 0.0625
1 0.296875 0.4166666666666667 0.04261363636363636 0.041666666666666664
2 0.26988636363636365 0.38333333333333336 0.028409090909090908 0.025
1 0.7982954545454546 0.8625 0.2727272727272727 0.21666666666666667
2 0.5852272727272727 0.6416666666666667 0.17045454545454544 0.14166666666666666
3 0.4772727272727273 0.5145833333333333 0.09090909090909091 0.07916666666666666
2 0.3877840909090909 0.45625 0.05965909090909091 0.05416666666666667
1 0.35511363636363635 0.41458333333333336 0.03977272727272727 0.0375
3 0.32386363636363635 0.38958333333333334 0.03409090909090909 0.029166666666666667
