2 0.3053977272727273 0.78125 0.15056818181818182 0.22083333333333333
2 0.2528409090909091 0.5645833333333333 0.08522727272727272 0.1125
1 0.25 0.46875 0.045454545454545456 0.05416666666666667
2 0.23579545454545456 0.42291666666666666 0.03977272727272727 0.04583333333333333
2 0.2215909090909091 0.3854166666666667 0.028409090909090908 0.020833333333333332
1 0.6860795454545454 0.9770833333333333 0.23011363636363635 0.04583333333333333
4 0.4588068181818182 0.7083333333333334 0.15056818181818182 0.16666666666666666
1 0.3622159090909091 0.5458333333333333 0.07670454545454546 0.075
3 0.32670454545454547 0.4666666666666667 0.056818181818181816 0.05
2 0.3039772727272727 0.43333333333333335 0.045454545454545456 0.041666666666666664
5 0.26704545454545453 0.38958333333333334 0.03977272727272727 0.04583333333333333
10 0.8394886363636364 0.8 0.3210227272727273 0.4
1 0.5525568181818182 0.64375 0.1278409090909091 0.1125
1 0.43607954545454547 0.5208333333333334 0.07670454545454546 0.06666666666666667
1 0.37357954545454547 0.45416666666666666 0.05397727272727273 0.05
3 0.3380681818181818 0.42083333333333334 0.03409090909090909 0.03333333333333333
1 0.31107954545454547 0.38333333333333336 0.02556818181818182 0.025
2 0.4275568181818182 0.45208333333333334 0.05965909090909091 0.0625
1 0.3806818181818182 0.425 0.028409090909090908 0.025
1 0.35795454545454547 0.40208333333333335 0.028409090909090908 0.029166666666666667
