10 0.171875 0.4895833333333333 0.019886363636363636 0.07083333333333333
2 0.30113636363636365 0.8375 0.1875 0.275
2 0.24147727272727273 0.47708333333333336 0.0625 0.07916666666666666
2 0.24147727272727273 0.4270833333333333 0.03409090909090909 0.029166666666666667
3 0.2315340909090909 0.4 0.02556818181818182 0.03333333333333333
2 0.2315340909090909 0.38125 0.03125 0.020833333333333332
1 0.6647727272727273 0.9333333333333333 0.26136363636363635 0.13333333333333333
1 0.3650568181818182 0.6666666666666666 0.1278409090909091 0.125
1 0.34232954545454547 0.5104166666666666 0.06534090909090909 0.07916666666666666
1 0.3181818181818182 0.4625 0.05113636363636364 0.05
7 0.3039772727272727 0.42916666666666664 0.03977272727272727 0.05
2 0.2840909090909091 0.41041666666666665 0.03409090909090909 0.0375
1 0.27698863636363635 0.38125 0.02556818181818182 0.020833333333333332
1 0.8650568181818182 0.9 0.26988636363636365 0.2
1 0.5497159090909091 0.6270833333333333 0.13920454545454544 0.12083333333333333
2 0.4630681818181818 0.5270833333333333 0.09659090909090909 0.0875
3 0.3934659090909091 0.4479166666666667 0.05965909090909091 0.05416666666666667
2 0.3465909090909091 0.41458333333333336 0.03409090909090909 0.0375
1 0.3309659090909091 0.3875 0.03125 0.03333333333333333
