10 0.18323863636363635 0.4270833333333333 0.008522727272727272 0.04583333333333333
10 0.18607954545454544 0.41041666666666665 0.008522727272727272 0.04583333333333333
1 0.41051136363636365 0.9354166666666667 0.22443181818181818 0.12916666666666668
9 0.3025568181818182 0.56875 0.17897727272727273 0.3375
1 0.22443181818181818 0.39791666666666664 0.022727272727272728 0.029166666666666667
1 0.5497159090909091 0.825 0.19602272727272727 0.19166666666666668
1 0.4474431818181818 0.6354166666666666 0.11079545454545454 0.12916666666666668
1 0.40482954545454547 0.5458333333333333 0.03125 0.08333333333333333
3 0.8522727272727273 0.9458333333333333 0.29545454545454547 0.10833333333333334
1 0.5653409090909091 0.65625 0.13068181818181818 0.1125
5 0.4474431818181818 0.4875 0.12215909090909091 0.14166666666666666
2 0.34517045454545453 0.4270833333333333 0.036931818181818184 0.0375
9 0.28267045454545453 0.3625 0.048295454545454544 0.058333333333333334
1 0.8522727272727273 0.8041666666666667 0.23863636363636365 0.15833333333333333
2 0.5923295454545454 0.5895833333333333 0.1278409090909091 0.10416666666666667
9 0.40767045454545453 0.3958333333333333 0.12215909090909091 0.09166666666666666
