10 0.13636363636363635 0.5083333333333333 0.022727272727272728 0.06666666666666667
1 0.16477272727272727 0.6020833333333333 0.09090909090909091 0.09583333333333334
10 0.18323863636363635 0.47291666666666665 0.014204545454545454 0.0625
10 0.17329545454545456 0.4583333333333333 0.011363636363636364 0.058333333333333334
3 0.31107954545454547 0.8208333333333333 0.15056818181818182 0.20833333333333334
1 0.2727272727272727 0.5854166666666667 0.08522727272727272 0.09583333333333334
1 0.2159090909090909 0.4666666666666667 0.05113636363636364 0.058333333333333334
10 0.265625 0.47708333333333336 0.014204545454545454 0.0625
1 0.22869318181818182 0.37916666666666665 0.02556818181818182 0.025
3 0.4914772727272727 0.7416666666666667 0.1590909090909091 0.15
1 0.4161931818181818 0.5854166666666667 0.09943181818181818 0.0875
2 0.3494318181818182 0.49166666666666664 0.056818181818181816 0.05
3 0.2940340909090909 0.4166666666666667 0.03125 0.03333333333333333
1 0.26136363636363635 0.375 0.022727272727272728 0.025
2 0.7684659090909091 0.9791666666666666 0.20738636363636365 0.041666666666666664
1 0.8522727272727273 0.9 0.29545454545454547 0.2
1 0.9630681818181818 0.85 0.07386363636363637 0.06666666666666667
3 0.59375 0.6604166666666667 0.14204545454545456 0.10416666666666667
1 0.35511363636363635 0.42916666666666664 0.045454545454545456 0.041666666666666664
1 0.3025568181818182 0.4 0.02556818181818182 0.03333333333333333
1 0.3025568181818182 0.3770833333333333 0.02556818181818182 0.020833333333333332
10 0.7571022727272727 0.6645833333333333 0.07670454545454546 0.10416666666666667
9 0.5795454545454546 0.5083333333333333 0.1875 0.18333333333333332
9 0.40625 0.4 0.125 0.1
