1 0.16193181818181818 0.6020833333333333 0.09659090909090909 0.09583333333333334
10 0.171875 0.4479166666666667 0.014204545454545454 0.04583333333333333
3 0.20880681818181818 0.5125 0.06534090909090909 0.06666666666666667
2 0.29261363636363635 0.5291666666666667 0.0625 0.075
1 0.22017045454545456 0.42916666666666664 0.036931818181818184 0.05
1 0.22301136363636365 0.37916666666666665 0.02556818181818182 0.025
1 0.3565340909090909 0.5083333333333333 0.06534090909090909 0.06666666666666667
3 0.2940340909090909 0.41041666666666665 0.04261363636363636 0.05416666666666667
1 0.4474431818181818 0.5145833333333333 0.07670454545454546 0.0625
1 0.38636363636363635 0.45 0.05113636363636364 0.041666666666666664
3 0.35511363636363635 0.42916666666666664 0.03977272727272727 0.041666666666666664
3 0.3380681818181818 0.41041666666666665 0.03409090909090909 0.0375
9 0.3224431818181818 0.36666666666666664 0.07102272727272728 0.06666666666666667
10 0.6491477272727273 0.5645833333333333 0.05397727272727273 0.07083333333333333
9 0.5170454545454546 0.4625 0.14204545454545456 0.13333333333333333
