10 0.2215909090909091 0.6541666666666667 0.028409090909090908 0.11666666666666667
1 0.16619318181818182 0.6020833333333333 0.08806818181818182 0.09583333333333334
10 0.18607954545454544 0.4 0.008522727272727272 0.03333333333333333
10 0.19176136363636365 0.3854166666666667 0.008522727272727272 0.029166666666666667
2 0.3224431818181818 0.7291666666666666 0.1278409090909091 0.15833333333333333
3 0.28125 0.5875 0.07954545454545454 0.09166666666666666
1 0.26988636363636365 0.50625 0.0625 0.0625
1 0.2159090909090909 0.4666666666666667 0.05113636363636364 0.058333333333333334
1 0.6321022727272727 0.8229166666666666 0.23011363636363635 0.1875
3 0.43323863636363635 0.60625 0.13920454545454544 0.15416666666666667
1 0.30113636363636365 0.4479166666666667 0.056818181818181816 0.04583333333333333
2 0.2627840909090909 0.4041666666666667 0.02556818181818182 0.03333333333333333
3 0.25426136363636365 0.375 0.02556818181818182 0.025
1 0.6079545454545454 0.6729166666666667 0.14772727272727273 0.10416666666666667
1 0.5426136363636364 0.5604166666666667 0.11931818181818182 0.07916666666666666
3 0.4247159090909091 0.5 0.07102272727272728 0.058333333333333334
1 0.3821022727272727 0.45208333333333334 0.06534090909090909 0.05416666666666667
3 0.35795454545454547 0.42916666666666664 0.03977272727272727 0.03333333333333333
10 0.6477272727272727 0.5645833333333333 0.06818181818181818 0.09583333333333334
9 0.515625 0.46458333333333335 0.14488636363636365 0.1375
9 0.36363636363636365 0.38333333333333336 0.13068181818181818 0.09166666666666666
