10 0.09517045454545454 0.55 0.02556818181818182 0.08333333333333333
10 0.171875 0.8395833333333333 0.05397727272727273 0.19583333333333333
3 0.20738636363636365 0.49375 0.056818181818181816 0.0625
10 0.1846590909090909 0.43333333333333335 0.03977272727272727 0.05
1 0.328125 0.7875 0.14488636363636365 0.18333333333333332
1 0.6477272727272727 0.8854166666666666 0.2727272727272727 0.22916666666666666
9 0.4133522727272727 0.53125 0.1903409090909091 0.25416666666666665
1 0.2840909090909091 0.4041666666666667 0.03409090909090909 0.03333333333333333
3 0.26988636363636365 0.36875 0.028409090909090908 0.0375
1 0.5653409090909091 0.625 0.11931818181818182 0.1
3 0.3338068181818182 0.40625 0.036931818181818184 0.029166666666666667
1 0.3366477272727273 0.3854166666666667 0.03125 0.020833333333333332
9 0.29829545454545453 0.34791666666666665 0.05113636363636364 0.05416666666666667
1 0.96875 0.9666666666666667 0.0625 0.06666666666666667
9 0.4815340909090909 0.44166666666666665 0.1278409090909091 0.11666666666666667
