10 0.11789772727272728 0.8666666666666667 0.05965909090909091 0.21666666666666667
10 0.18892045454545456 0.3875 0.008522727272727272 0.03333333333333333
1 0.4133522727272727 0.9104166666666667 0.21875 0.17916666666666667
1 0.25 0.525 0.07386363636363637 0.08333333333333333
9 0.24431818181818182 0.41041666666666665 0.06818181818181818 0.12916666666666668
2 0.6704545454545454 0.9375 0.23295454545454544 0.125
3 0.45738636363636365 0.65625 0.11931818181818182 0.1125
1 0.375 0.5458333333333333 0.07954545454545454 0.075
1 0.34232954545454547 0.4791666666666667 0.05965909090909091 0.06666666666666667
1 0.31392045454545453 0.44583333333333336 0.04261363636363636 0.058333333333333334
1 0.703125 0.775 0.20170454545454544 0.16666666666666666
1 0.4247159090909091 0.5041666666666667 0.07102272727272728 0.058333333333333334
2 0.40767045454545453 0.4583333333333333 0.06534090909090909 0.058333333333333334
5 0.32954545454545453 0.4041666666666667 0.07386363636363637 0.075
1 0.53125 0.55625 0.10227272727272728 0.07083333333333333
9 0.4119318181818182 0.39791666666666664 0.11931818181818182 0.09583333333333334
1 0.23011363636363635 0.7125 0.1534090909090909 0.14166666666666666
