10 0.15625 0.61875 0.028409090909090908 0.12916666666666668
10 0.16619318181818182 0.5625 0.019886363636363636 0.1
10 0.19176136363636365 0.41875 0.008522727272727272 0.04583333333333333
9 0.6008522727272727 0.94375 0.48011363636363635 0.1125
2 0.29261363636363635 0.6541666666666667 0.10227272727272728 0.14166666666666666
1 0.30823863636363635 0.5333333333333333 0.08806818181818182 0.075
2 0.24431818181818182 0.45416666666666666 0.045454545454545456 0.058333333333333334
3 0.2372159090909091 0.40625 0.03125 0.0375
2 0.5198863636363636 0.775 0.2215909090909091 0.21666666666666667
1 0.32386363636363635 0.47291666666666665 0.056818181818181816 0.05416666666666667
1 0.2713068181818182 0.42916666666666664 0.03125 0.041666666666666664
5 0.7997159090909091 0.8 0.4005681818181818 0.4
2 0.4190340909090909 0.5020833333333333 0.08238636363636363 0.0625
9 0.41761363636363635 0.43333333333333335 0.1875 0.125
1 0.3039772727272727 0.4125 0.03409090909090909 0.03333333333333333
1 0.3025568181818182 0.3854166666666667 0.036931818181818184 0.029166666666666667
9 0.41051136363636365 0.37916666666666665 0.12215909090909091 0.058333333333333334
