1 0.17329545454545456 0.5895833333333333 0.09659090909090909 0.09583333333333334
3 0.20880681818181818 0.5083333333333333 0.06534090909090909 0.06666666666666667
10 0.18323863636363635 0.4 0.014204545454545454 0.041666666666666664
2 0.24857954545454544 0.43333333333333335 0.04261363636363636 0.041666666666666664
1 0.22017045454545456 0.39375 0.03125 0.029166666666666667
1 0.3181818181818182 0.45 0.05113636363636364 0.05
3 0.28267045454545453 0.38958333333333334 0.03125 0.0375
1 0.421875 0.49166666666666664 0.06534090909090909 0.05
1 0.38636363636363635 0.44583333333333336 0.03977272727272727 0.041666666666666664
3 0.35511363636363635 0.43125 0.03977272727272727 0.0375
3 0.33948863636363635 0.41041666666666665 0.036931818181818184 0.029166666666666667
9 0.3252840909090909 0.3645833333333333 0.07102272727272728 0.0625
10 0.6477272727272727 0.56875 0.056818181818181816 0.07916666666666666
9 0.5170454545454546 0.4625 0.13636363636363635 0.14166666666666666
