10 0.15482954545454544 0.5604166666666667 0.019886363636363636 0.10416666666666667
10 0.1747159090909091 0.5208333333333334 0.019886363636363636 0.08333333333333333
10 0.19318181818181818 0.39791666666666664 0.011363636363636364 0.05416666666666667
9 0.5568181818181818 0.81875 0.5795454545454546 0.3625
2 0.27698863636363635 0.58125 0.08238636363636363 0.10416666666666667
1 0.27982954545454547 0.49166666666666664 0.06534090909090909 0.058333333333333334
2 0.24289772727272727 0.44166666666666665 0.04261363636363636 0.05
3 0.23579545454545456 0.4 0.022727272727272728 0.03333333333333333
2 0.42613636363636365 0.6020833333333333 0.13636363636363635 0.07083333333333333
1 0.31392045454545453 0.46041666666666664 0.048295454545454544 0.04583333333333333
1 0.26420454545454547 0.41875 0.028409090909090908 0.0375
5 0.7272727272727273 0.7520833333333333 0.36363636363636365 0.3958333333333333
2 0.4034090909090909 0.49166666666666664 0.08522727272727272 0.058333333333333334
9 0.4034090909090909 0.425 0.18181818181818182 0.11666666666666667
1 0.2940340909090909 0.40208333333333335 0.03125 0.029166666666666667
1 0.26988636363636365 0.37916666666666665 0.022727272727272728 0.025
9 0.4119318181818182 0.3770833333333333 0.11931818181818182 0.05416666666666667
2 0.9446022727272727 0.89375 0.11079545454545454 0.17083333333333334
