3 0.20738636363636365 0.5083333333333333 0.056818181818181816 0.06666666666666667
10 0.18892045454545456 0.42916666666666664 0.03125 0.05
9 0.5255681818181818 0.6520833333333333 0.5681818181818182 0.42083333333333334
2 0.2315340909090909 0.4 0.03125 0.03333333333333333
1 0.2215909090909091 0.3854166666666667 0.028409090909090908 0.029166666666666667
1 0.28551136363636365 0.4083333333333333 0.03125 0.03333333333333333
3 0.2755681818181818 0.37916666666666665 0.028409090909090908 0.03333333333333333
1 0.38920454545454547 0.45 0.045454545454545456 0.03333333333333333
3 0.3522727272727273 0.425 0.03409090909090909 0.03333333333333333
1 0.3806818181818182 0.4125 0.03409090909090909 0.03333333333333333
3 0.3380681818181818 0.41041666666666665 0.03409090909090909 0.029166666666666667
9 0.3252840909090909 0.3645833333333333 0.06534090909090909 0.0625
9 0.48295454545454547 0.4375 0.125 0.11666666666666667
