1 0.16761363636363635 0.6041666666666666 0.08522727272727272 0.09166666666666666
10 0.17045454545454544 0.5125 0.011363636363636364 0.041666666666666664
10 0.17755681818181818 0.4791666666666667 0.014204545454545454 0.041666666666666664
10 0.17755681818181818 0.44166666666666665 0.014204545454545454 0.03333333333333333
3 0.30113636363636365 0.7645833333333333 0.125 0.17083333333333334
1 0.26704545454545453 0.5583333333333333 0.07954545454545454 0.08333333333333333
1 0.2159090909090909 0.4666666666666667 0.05113636363636364 0.058333333333333334
10 0.2585227272727273 0.45416666666666666 0.011363636363636364 0.05
2 0.6463068181818182 0.9020833333333333 0.20170454545454544 0.19583333333333333
3 0.4403409090909091 0.6604166666666667 0.125 0.1125
1 0.37642045454545453 0.53125 0.07670454545454546 0.07083333333333333
2 0.328125 0.4583333333333333 0.036931818181818184 0.041666666666666664
3 0.2840909090909091 0.40208333333333335 0.028409090909090908 0.029166666666666667
1 0.6931818181818182 0.76875 0.2215909090909091 0.1875
3 0.515625 0.5854166666666667 0.10511363636363637 0.07916666666666666
1 0.3338068181818182 0.41458333333333336 0.04261363636363636 0.0375
1 0.8977272727272727 0.8395833333333333 0.20454545454545456 0.17916666666666667
9 0.5568181818181818 0.4875 0.17613636363636365 0.15833333333333333
9 0.40482954545454547 0.39791666666666664 0.1278409090909091 0.09583333333333334
10 0.7244318181818182 0.6354166666666666 0.06818181818181818 0.09583333333333334
