10 0.15767045454545456 0.8270833333333333 0.048295454545454544 0.1875
10 0.19318181818181818 0.6791666666666667 0.028409090909090908 0.13333333333333333
10 0.1903409090909091 0.4666666666666667 0.017045454545454544 0.06666666666666667
2 0.3835227272727273 0.9166666666666666 0.21022727272727273 0.16666666666666666
2 0.2599431818181818 0.5145833333333333 0.06534090909090909 0.07916666666666666
3 0.23863636363636365 0.41041666666666665 0.028409090909090908 0.0375
1 0.4744318181818182 0.7604166666666666 0.1590909090909091 0.1625
1 0.36363636363636365 0.5395833333333333 0.07954545454545454 0.07083333333333333
1 0.3053977272727273 0.4666666666666667 0.05397727272727273 0.05
1 0.3096590909090909 0.41875 0.045454545454545456 0.0375
3 0.2840909090909091 0.39791666666666664 0.03409090909090909 0.0375
5 0.8678977272727273 0.8604166666666667 0.26420454545454547 0.2791666666666667
10 0.7045454545454546 0.6895833333333333 0.07386363636363637 0.14583333333333334
2 0.4772727272727273 0.5416666666666666 0.09090909090909091 0.075
9 0.4303977272727273 0.4354166666666667 0.1903409090909091 0.12083333333333333
1 0.31676136363636365 0.3875 0.03125 0.03333333333333333
9 0.40767045454545453 0.37916666666666665 0.1278409090909091 0.058333333333333334
