3 0.20738636363636365 0.49583333333333335 0.056818181818181816 0.058333333333333334
10 0.18892045454545456 0.43333333333333335 0.03125 0.05
2 0.234375 0.3958333333333333 0.03125 0.03333333333333333
1 0.2215909090909091 0.38125 0.022727272727272728 0.029166666666666667
9 0.43892045454545453 0.5708333333333333 0.26988636363636365 0.30833333333333335
1 0.28551136363636365 0.4083333333333333 0.03125 0.03333333333333333
3 0.27698863636363635 0.38125 0.03125 0.0375
1 0.37926136363636365 0.41041666666666665 0.036931818181818184 0.029166666666666667
3 0.33948863636363635 0.40625 0.036931818181818184 0.020833333333333332
9 0.32386363636363635 0.36666666666666664 0.0625 0.06666666666666667
9 0.48295454545454547 0.44166666666666665 0.13068181818181818 0.11666666666666667
10 0.08664772727272728 0.775 0.05965909090909091 0.19166666666666668
