10 0.07102272727272728 0.73125 0.045454545454545456 0.17083333333333334
10 0.1534090909090909 0.9604166666666667 0.06818181818181818 0.07916666666666666
10 0.17755681818181818 0.85625 0.05397727272727273 0.19583333333333333
1 0.18039772727272727 0.65 0.13352272727272727 0.11666666666666667
10 0.18892045454545456 0.3770833333333333 0.008522727272727272 0.029166666666666667
1 0.3622159090909091 0.775 0.15625 0.18333333333333332
1 0.23295454545454544 0.49375 0.06818181818181818 0.07083333333333333
9 0.24005681818181818 0.3854166666666667 0.05965909090909091 0.09583333333333334
2 0.5710227272727273 0.8333333333333334 0.18181818181818182 0.175
3 0.4119318181818182 0.5916666666666667 0.08522727272727272 0.08333333333333333
1 0.36079545454545453 0.525 0.07386363636363637 0.06666666666666667
1 0.33238636363636365 0.4666666666666667 0.056818181818181816 0.058333333333333334
1 0.3025568181818182 0.43125 0.04261363636363636 0.04583333333333333
1 0.5738636363636364 0.65625 0.14204545454545456 0.12083333333333333
1 0.5085227272727273 0.5395833333333333 0.09090909090909091 0.07083333333333333
1 0.4090909090909091 0.4895833333333333 0.0625 0.05416666666666667
2 0.3849431818181818 0.44166666666666665 0.05397727272727273 0.05
5 0.31107954545454547 0.38958333333333334 0.05965909090909091 0.07916666666666666
9 0.9417613636363636 0.83125 0.11647727272727272 0.3375
9 0.4119318181818182 0.4 0.11363636363636363 0.1
