1 0.3650568181818182 0.48333333333333334 0.05397727272727273 0.05
3 0.20880681818181818 0.5041666666666667 0.05965909090909091 0.058333333333333334
2 0.23579545454545456 0.4125 0.03409090909090909 0.03333333333333333
1 0.22301136363636365 0.3875 0.02556818181818182 0.03333333333333333
1 0.2911931818181818 0.4166666666666667 0.036931818181818184 0.025
3 0.27698863636363635 0.38333333333333336 0.02556818181818182 0.03333333333333333
1 0.3934659090909091 0.4583333333333333 0.048295454545454544 0.041666666666666664
1 0.3877840909090909 0.4166666666666667 0.04261363636363636 0.03333333333333333
3 0.3565340909090909 0.42916666666666664 0.03125 0.03333333333333333
3 0.3366477272727273 0.4083333333333333 0.036931818181818184 0.03333333333333333
9 0.32670454545454547 0.36875 0.06818181818181818 0.07083333333333333
10 0.5085227272727273 0.5333333333333333 0.09090909090909091 0.09166666666666666
9 0.484375 0.44166666666666665 0.1278409090909091 0.11666666666666667
