1 0.16477272727272727 0.6020833333333333 0.09090909090909091 0.09583333333333334
10 0.18892045454545456 0.38125 0.008522727272727272 0.0375
2 0.3153409090909091 0.6958333333333333 0.11363636363636363 0.14166666666666666
10 0.2372159090909091 0.5958333333333333 0.02556818181818182 0.1
3 0.25426136363636365 0.5583333333333333 0.10511363636363637 0.08333333333333333
1 0.2755681818181818 0.48125 0.05113636363636364 0.05416666666666667
1 0.21448863636363635 0.46875 0.05397727272727273 0.0625
1 0.24857954545454544 0.39166666666666666 0.03125 0.03333333333333333
1 0.47017045454545453 0.65 0.13352272727272727 0.10833333333333334
3 0.3721590909090909 0.5208333333333334 0.09659090909090909 0.10833333333333334
1 0.5582386363636364 0.625 0.12215909090909091 0.1
1 0.4943181818181818 0.5333333333333333 0.10227272727272728 0.06666666666666667
3 0.40767045454545453 0.48333333333333334 0.05397727272727273 0.05
1 0.3650568181818182 0.4395833333333333 0.05397727272727273 0.04583333333333333
3 0.35511363636363635 0.42083333333333334 0.05113636363636364 0.03333333333333333
10 0.6491477272727273 0.5625 0.06534090909090909 0.09166666666666666
9 0.515625 0.46875 0.14488636363636365 0.1375
9 0.34517045454545453 0.37916666666666665 0.12215909090909091 0.08333333333333333
