10 0.10511363636363637 0.6770833333333334 0.03977272727272727 0.15416666666666667
3 0.20880681818181818 0.49375 0.05397727272727273 0.0625
10 0.18892045454545456 0.43125 0.03125 0.05416666666666667
2 0.23863636363636365 0.39166666666666666 0.028409090909090908 0.03333333333333333
1 0.22443181818181818 0.38125 0.022727272727272728 0.029166666666666667
1 0.39488636363636365 0.9645833333333333 0.1875 0.07083333333333333
1 0.7897727272727273 0.9833333333333333 0.24431818181818182 0.03333333333333333
9 0.4303977272727273 0.55 0.23579545454545456 0.2916666666666667
1 0.2869318181818182 0.4083333333333333 0.03409090909090909 0.03333333333333333
3 0.2755681818181818 0.3770833333333333 0.028409090909090908 0.0375
1 0.3678977272727273 0.39791666666666664 0.02556818181818182 0.020833333333333332
3 0.34232954545454547 0.39791666666666664 0.02556818181818182 0.0125
9 0.31392045454545453 0.3625 0.05397727272727273 0.058333333333333334
9 0.484375 0.4395833333333333 0.1278409090909091 0.12083333333333333
