3 0.20738636363636365 0.5041666666666667 0.056818181818181816 0.058333333333333334
10 0.1903409090909091 0.4354166666666667 0.03409090909090909 0.04583333333333333
2 0.23011363636363635 0.4083333333333333 0.03409090909090909 0.03333333333333333
1 0.21732954545454544 0.3854166666666667 0.02556818181818182 0.029166666666666667
1 0.2869318181818182 0.4083333333333333 0.03409090909090909 0.03333333333333333
3 0.2741477272727273 0.37916666666666665 0.03125 0.03333333333333333
9 0.6136363636363636 0.69375 0.7727272727272727 0.4708333333333333
1 0.390625 0.45416666666666666 0.04261363636363636 0.041666666666666664
3 0.35511363636363635 0.4270833333333333 0.03409090909090909 0.0375
3 0.3380681818181818 0.41041666666666665 0.03409090909090909 0.029166666666666667
9 0.3252840909090909 0.36666666666666664 0.06534090909090909 0.06666666666666667
1 0.3821022727272727 0.41041666666666665 0.036931818181818184 0.0375
9 0.484375 0.4375 0.1278409090909091 0.11666666666666667
