1 0.16051136363636365 0.59375 0.08238636363636363 0.10416666666666667
3 0.20880681818181818 0.5083333333333333 0.06534090909090909 0.06666666666666667
10 0.18323863636363635 0.41875 0.014204545454545454 0.04583333333333333
2 0.2741477272727273 0.48333333333333334 0.05397727272727273 0.06666666666666667
1 0.22017045454545456 0.4 0.03125 0.041666666666666664
1 0.3409090909090909 0.48541666666666666 0.056818181818181816 0.0625
3 0.28551136363636365 0.4 0.04261363636363636 0.05
1 0.4303977272727273 0.49583333333333335 0.07102272727272728 0.058333333333333334
1 0.38636363636363635 0.4479166666666667 0.045454545454545456 0.04583333333333333
3 0.35511363636363635 0.43125 0.03977272727272727 0.0375
3 0.33948863636363635 0.41041666666666665 0.036931818181818184 0.029166666666666667
9 0.3252840909090909 0.3645833333333333 0.07102272727272728 0.0625
10 0.6477272727272727 0.56875 0.056818181818181816 0.07916666666666666
9 0.5170454545454546 0.4625 0.13636363636363635 0.14166666666666666
