10 0.15056818181818182 0.9520833333333333 0.07386363636363637 0.09583333333333334
10 0.2002840909090909 0.4895833333333333 0.019886363636363636 0.07083333333333333
10 0.22869318181818182 0.76875 0.04261363636363636 0.14583333333333334
2 0.28551136363636365 0.5916666666666667 0.08806818181818182 0.11666666666666667
3 0.23863636363636365 0.4125 0.03409090909090909 0.041666666666666664
1 0.6633522727272727 0.9645833333333333 0.2471590909090909 0.07083333333333333
1 0.40767045454545453 0.6125 0.10511363636363637 0.1
1 0.33238636363636365 0.5 0.06818181818181818 0.058333333333333334
1 0.3096590909090909 0.4166666666666667 0.03977272727272727 0.041666666666666664
3 0.28267045454545453 0.3958333333333333 0.03125 0.03333333333333333
10 0.7514204545454546 0.7541666666666667 0.09375 0.175
2 0.53125 0.5854166666666667 0.11363636363636363 0.0875
9 0.43323863636363635 0.44166666666666665 0.1846590909090909 0.13333333333333333
1 0.31676136363636365 0.38958333333333334 0.036931818181818184 0.0375
9 0.4119318181818182 0.38125 0.11931818181818182 0.0625
