1 0.16335227272727273 0.6041666666666666 0.09943181818181818 0.1
10 0.19318181818181818 0.3958333333333333 0.011363636363636364 0.03333333333333333
10 0.19886363636363635 0.3854166666666667 0.011363636363636364 0.029166666666666667
10 0.2159090909090909 0.86875 0.05113636363636364 0.19583333333333333
2 0.3522727272727273 0.825 0.1590909090909091 0.2
3 0.28551136363636365 0.61875 0.08806818181818182 0.09583333333333334
1 0.2627840909090909 0.51875 0.05965909090909091 0.07083333333333333
1 0.2159090909090909 0.46875 0.05113636363636364 0.0625
10 0.21732954545454544 0.42083333333333334 0.014204545454545454 0.025
3 0.7428977272727273 0.9354166666666667 0.3494318181818182 0.12916666666666668
1 0.4119318181818182 0.5958333333333333 0.10227272727272728 0.1
2 0.3465909090909091 0.5 0.056818181818181816 0.058333333333333334
3 0.3181818181818182 0.45416666666666666 0.05113636363636364 0.041666666666666664
1 0.24857954545454544 0.3958333333333333 0.03125 0.03333333333333333
3 0.5198863636363636 0.6041666666666666 0.11363636363636363 0.09166666666666666
1 0.4119318181818182 0.48333333333333334 0.07386363636363637 0.06666666666666667
3 0.37073863636363635 0.44166666666666665 0.048295454545454544 0.041666666666666664
2 0.27698863636363635 0.38125 0.02556818181818182 0.020833333333333332
1 0.9559659090909091 0.9833333333333333 0.08806818181818182 0.03333333333333333
1 0.6676136363636364 0.65 0.14772727272727273 0.1
9 0.515625 0.46458333333333335 0.14488636363636365 0.1375
9 0.390625 0.3958333333333333 0.13920454545454544 0.1
10 0.6505681818181818 0.5604166666666667 0.0625 0.07083333333333333
