10 0.07102272727272728 0.6520833333333333 0.028409090909090908 0.12083333333333333
10 0.20454545454545456 0.6875 0.028409090909090908 0.14166666666666666
1 0.16193181818181818 0.6020833333333333 0.09090909090909091 0.09583333333333334
10 0.24147727272727273 0.6145833333333334 0.028409090909090908 0.10416666666666667
10 0.2315340909090909 0.5625 0.02556818181818182 0.075
1 0.3181818181818182 0.7375 0.11931818181818182 0.15
1 0.28125 0.5145833333333333 0.0625 0.07083333333333333
1 0.21732954545454544 0.4666666666666667 0.048295454545454544 0.058333333333333334
9 0.22727272727272727 0.35833333333333334 0.03977272727272727 0.075
1 0.5923295454545454 0.7875 0.19602272727272727 0.16666666666666666
2 0.4446022727272727 0.6416666666666667 0.11079545454545454 0.1
3 0.37926136363636365 0.5375 0.06534090909090909 0.06666666666666667
1 0.3352272727272727 0.48333333333333334 0.056818181818181816 0.058333333333333334
1 0.296875 0.41458333333333336 0.036931818181818184 0.0375
1 0.2755681818181818 0.38333333333333336 0.028409090909090908 0.025
1 0.44886363636363635 0.5270833333333333 0.07386363636363637 0.07083333333333333
1 0.4346590909090909 0.48333333333333334 0.06818181818181818 0.05
1 0.3622159090909091 0.4395833333333333 0.04261363636363636 0.0375
2 0.32670454545454547 0.4 0.022727272727272728 0.03333333333333333
9 0.7997159090909091 0.7541666666666667 0.4005681818181818 0.49166666666666664
9 0.4133522727272727 0.39791666666666664 0.11647727272727272 0.09583333333333334
