1 0.2585227272727273 0.5520833333333334 0.13636363636363635 0.07916666666666666
3 0.20880681818181818 0.5041666666666667 0.05965909090909091 0.058333333333333334
10 0.1875 0.3854166666666667 0.011363636363636364 0.029166666666666667
2 0.23579545454545456 0.4125 0.03409090909090909 0.03333333333333333
1 0.22301136363636365 0.3875 0.02556818181818182 0.03333333333333333
1 0.296875 0.425 0.04261363636363636 0.03333333333333333
3 0.27698863636363635 0.38333333333333336 0.02556818181818182 0.03333333333333333
1 0.40625 0.47708333333333336 0.0625 0.04583333333333333
1 0.40767045454545453 0.4354166666666667 0.04261363636363636 0.0375
3 0.3565340909090909 0.42916666666666664 0.03125 0.03333333333333333
3 0.3366477272727273 0.4083333333333333 0.036931818181818184 0.03333333333333333
9 0.32670454545454547 0.36875 0.06818181818181818 0.07083333333333333
10 0.6491477272727273 0.5625 0.06534090909090909 0.075
9 0.515625 0.46458333333333335 0.13920454545454544 0.1375
