10 0.19176136363636365 0.7270833333333333 0.05397727272727273 0.15416666666666667
2 0.3835227272727273 0.9 0.21022727272727273 0.2
10 0.30823863636363635 0.6229166666666667 0.04261363636363636 0.1375
3 0.2372159090909091 0.41041666666666665 0.036931818181818184 0.04583333333333333
1 0.6860795454545454 0.96875 0.23011363636363635 0.0625
1 0.44886363636363635 0.6520833333333333 0.125 0.1125
1 0.3125 0.42083333333333334 0.045454545454545456 0.041666666666666664
3 0.28551136363636365 0.39375 0.03125 0.0375
2 0.8835227272727273 0.8875 0.23295454545454544 0.225
9 0.4346590909090909 0.4375 0.1875 0.13333333333333333
1 0.3196022727272727 0.38958333333333334 0.036931818181818184 0.029166666666666667
9 0.4133522727272727 0.3770833333333333 0.12215909090909091 0.0625
