2 0.24857954545454544 0.7854166666666667 0.13352272727272727 0.1875
1 0.23579545454545456 0.5479166666666667 0.06818181818181818 0.07916666666666666
1 0.23863636363636365 0.44375 0.045454545454545456 0.04583333333333333
1 0.23011363636363635 0.40625 0.03409090909090909 0.0375
1 0.5525568181818182 0.79375 0.1903409090909091 0.17916666666666667
1 0.3409090909090909 0.54375 0.07954545454545454 0.07916666666666666
1 0.3252840909090909 0.4395833333333333 0.04261363636363636 0.04583333333333333
4 0.2869318181818182 0.3958333333333333 0.03409090909090909 0.041666666666666664
1 0.9204545454545454 0.9916666666666667 0.11931818181818182 0.016666666666666666
1 0.6860795454545454 0.7270833333333333 0.1903409090909091 0.17916666666666667
1 0.49573863636363635 0.5770833333333333 0.10511363636363637 0.0875
9 0.4133522727272727 0.41041666666666665 0.08238636363636363 0.1125
9 0.3210227272727273 0.37083333333333335 0.07954545454545454 0.06666666666666667
10 0.5809659090909091 0.5479166666666667 0.02556818181818182 0.0875
10 0.5056818181818182 0.47708333333333336 0.017045454545454544 0.05416666666666667
10 0.4928977272727273 0.4625 0.019886363636363636 0.041666666666666664
