2 0.35511363636363635 0.9083333333333333 0.2215909090909091 0.18333333333333332
2 0.26420454545454547 0.6270833333333333 0.10795454545454546 0.14583333333333334
1 0.2556818181818182 0.49166666666666664 0.056818181818181816 0.058333333333333334
2 0.23579545454545456 0.4395833333333333 0.045454545454545456 0.0625
2 0.22301136363636365 0.39166666666666666 0.03125 0.03333333333333333
4 0.5184659090909091 0.80625 0.1903409090909091 0.22083333333333333
1 0.390625 0.5916666666666667 0.09943181818181818 0.09166666666666666
3 0.3380681818181818 0.49166666666666664 0.0625 0.058333333333333334
2 0.3125 0.4479166666666667 0.045454545454545456 0.04583333333333333
5 0.2727272727272727 0.39791666666666664 0.045454545454545456 0.05416666666666667
10 0.9034090909090909 0.84375 0.19318181818181818 0.3125
1 0.5980113636363636 0.6875 0.15056818181818182 0.125
1 0.4588068181818182 0.54375 0.08806818181818182 0.07083333333333333
1 0.38920454545454547 0.47291666666666665 0.05113636363636364 0.05416666666666667
3 0.3465909090909091 0.4270833333333333 0.03977272727272727 0.0375
1 0.3181818181818182 0.38958333333333334 0.028409090909090908 0.029166666666666667
2 0.45170454545454547 0.4708333333333333 0.07386363636363637 0.06666666666666667
1 0.41051136363636365 0.4395833333333333 0.048295454545454544 0.0375
1 0.3693181818181818 0.41458333333333336 0.03409090909090909 0.029166666666666667
