10 0.20170454545454544 0.4 0.011363636363636364 0.041666666666666664
2 0.26988636363636365 0.5625 0.07954545454545454 0.10833333333333334
1 0.2571022727272727 0.45 0.048295454545454544 0.058333333333333334
1 0.24431818181818182 0.40625 0.03409090909090909 0.029166666666666667
1 0.2315340909090909 0.3854166666666667 0.03125 0.029166666666666667
1 0.4318181818181818 0.66875 0.13068181818181818 0.12083333333333333
1 0.3210227272727273 0.4666666666666667 0.05113636363636364 0.05
3 0.3039772727272727 0.42083333333333334 0.03977272727272727 0.03333333333333333
1 0.265625 0.3729166666666667 0.02556818181818182 0.020833333333333332
1 0.5681818181818182 0.6645833333333333 0.14772727272727273 0.14583333333333334
2 0.44886363636363635 0.5354166666666667 0.07954545454545454 0.07083333333333333
1 0.3153409090909091 0.38125 0.028409090909090908 0.029166666666666667
1 0.7727272727272727 0.7479166666666667 0.19886363636363635 0.15416666666666667
1 0.6008522727272727 0.5854166666666667 0.10511363636363637 0.07916666666666666
10 0.5340909090909091 0.5145833333333333 0.0625 0.07916666666666666
9 0.48295454545454547 0.44166666666666665 0.13068181818181818 0.11666666666666667
