10 0.19744318181818182 0.38333333333333336 0.02556818181818182 0.025
2 0.23863636363636365 0.4125 0.03977272727272727 0.041666666666666664
1 0.23863636363636365 0.3854166666666667 0.03409090909090909 0.029166666666666667
1 0.2897727272727273 0.40625 0.03409090909090909 0.029166666666666667
1 0.27698863636363635 0.3854166666666667 0.03125 0.029166666666666667
1 0.3465909090909091 0.41875 0.03977272727272727 0.0375
1 0.3252840909090909 0.39166666666666666 0.036931818181818184 0.03333333333333333
10 0.8238636363636364 0.7979166666666667 0.17613636363636365 0.17916666666666667
1 0.3338068181818182 0.4395833333333333 0.05965909090909091 0.04583333333333333
9 0.4588068181818182 0.42916666666666664 0.1278409090909091 0.10833333333333334
