10 0.20454545454545456 0.4166666666666667 0.03409090909090909 0.05
2 0.23863636363636365 0.4166666666666667 0.03977272727272727 0.05
1 0.23863636363636365 0.3854166666666667 0.03409090909090909 0.029166666666666667
1 0.2897727272727273 0.40625 0.03409090909090909 0.029166666666666667
1 0.27698863636363635 0.3854166666666667 0.03125 0.029166666666666667
1 0.3693181818181818 0.4354166666666667 0.05113636363636364 0.0375
1 0.3309659090909091 0.39375 0.03125 0.0375
10 0.9346590909090909 0.78125 0.125 0.1125
1 0.4943181818181818 0.5291666666666667 0.10795454545454546 0.06666666666666667
9 0.47301136363636365 0.4354166666666667 0.1278409090909091 0.1125
5 0.5 0.8770833333333333 1.0 0.24583333333333332
