10 0.19602272727272727 0.39375 0.028409090909090908 0.04583333333333333
2 0.23863636363636365 0.41458333333333336 0.03977272727272727 0.04583333333333333
1 0.23863636363636365 0.3854166666666667 0.03409090909090909 0.029166666666666667
1 0.2897727272727273 0.40625 0.03409090909090909 0.029166666666666667
1 0.27698863636363635 0.3854166666666667 0.03125 0.029166666666666667
1 0.3522727272727273 0.41875 0.045454545454545456 0.0375
1 0.3252840909090909 0.39166666666666666 0.036931818181818184 0.03333333333333333
10 0.8636363636363636 0.80625 0.1875 0.17916666666666667
1 0.3664772727272727 0.4625 0.07386363636363637 0.05
9 0.4659090909090909 0.43125 0.125 0.1125
