4 0.36363636363636365 0.9333333333333333 0.24431818181818182 0.13333333333333333
2 0.22585227272727273 0.53125 0.05965909090909091 0.07083333333333333
1 0.22585227272727273 0.45208333333333334 0.048295454545454544 0.04583333333333333
1 0.23295454545454544 0.4041666666666667 0.03409090909090909 0.03333333333333333
4 0.4446022727272727 0.70625 0.16193181818181818 0.22083333333333333
1 0.375 0.55 0.08522727272727272 0.08333333333333333
1 0.2997159090909091 0.4479166666666667 0.04261363636363636 0.04583333333333333
1 0.3039772727272727 0.4083333333333333 0.03409090909090909 0.03333333333333333
4 0.27982954545454547 0.3854166666666667 0.03125 0.029166666666666667
1 0.6022727272727273 0.7270833333333333 0.1534090909090909 0.15416666666666667
1 0.5099431818181818 0.5625 0.10511363636363637 0.1
1 0.40482954545454547 0.48541666666666666 0.06534090909090909 0.0625
1 0.859375 0.8 0.23579545454545456 0.16666666666666666
10 0.5042613636363636 0.47708333333333336 0.014204545454545454 0.0625
10 0.4602272727272727 0.44375 0.011363636363636364 0.04583333333333333
9 0.3806818181818182 0.3958333333333333 0.10227272727272728 0.09166666666666666
