10 0.19460227272727273 0.3854166666666667 0.008522727272727272 0.0375
2 0.25426136363636365 0.5 0.05965909090909091 0.075
1 0.25 0.425 0.045454545454545456 0.05
1 0.24147727272727273 0.3958333333333333 0.028409090909090908 0.025
1 0.22869318181818182 0.37916666666666665 0.02556818181818182 0.03333333333333333
1 0.3693181818181818 0.5604166666666667 0.07954545454545454 0.0875
1 0.3025568181818182 0.43333333333333335 0.04261363636363636 0.041666666666666664
3 0.296875 0.40208333333333335 0.03125 0.029166666666666667
1 0.4786931818181818 0.5666666666666667 0.09943181818181818 0.1
2 0.40482954545454547 0.4791666666666667 0.05965909090909091 0.05
1 0.3025568181818182 0.37083333333333335 0.02556818181818182 0.025
1 0.6846590909090909 0.6916666666666667 0.18181818181818182 0.13333333333333333
1 0.6022727272727273 0.5875 0.10227272727272728 0.08333333333333333
10 0.49573863636363635 0.4979166666666667 0.07102272727272728 0.07916666666666666
9 0.4815340909090909 0.44166666666666665 0.1278409090909091 0.11666666666666667
