4 0.3053977272727273 0.775 0.16193181818181818 0.26666666666666666
2 0.22301136363636365 0.4791666666666667 0.05397727272727273 0.05
1 0.22301136363636365 0.42916666666666664 0.036931818181818184 0.03333333333333333
1 0.22869318181818182 0.39375 0.03125 0.029166666666666667
5 0.6775568181818182 0.9666666666666667 0.26420454545454547 0.06666666666666667
4 0.37926136363636365 0.58125 0.10511363636363637 0.14583333333333334
1 0.3338068181818182 0.49166666666666664 0.05965909090909091 0.058333333333333334
1 0.2911931818181818 0.4270833333333333 0.036931818181818184 0.0375
1 0.2997159090909091 0.4 0.036931818181818184 0.03333333333333333
4 0.27698863636363635 0.3875 0.02556818181818182 0.025
3 0.8508522727272727 0.93125 0.29829545454545453 0.1375
1 0.5085227272727273 0.6229166666666667 0.11931818181818182 0.10416666666666667
1 0.45738636363636365 0.5145833333333333 0.08522727272727272 0.07916666666666666
1 0.37357954545454547 0.45625 0.05397727272727273 0.04583333333333333
1 0.6903409090909091 0.6645833333333333 0.1534090909090909 0.1125
10 0.4715909090909091 0.4479166666666667 0.017045454545454544 0.05416666666666667
10 0.4403409090909091 0.42916666666666664 0.017045454545454544 0.05
9 0.3664772727272727 0.3875 0.09659090909090909 0.09166666666666666
