3 0.20738636363636365 0.49583333333333335 0.05113636363636364 0.058333333333333334
10 0.1875 0.43333333333333335 0.03409090909090909 0.058333333333333334
3 0.3622159090909091 0.80625 0.17329545454545456 0.2125
1 0.2940340909090909 0.6 0.08238636363636363 0.1
10 0.25426136363636365 0.53125 0.02556818181818182 0.0875
10 0.2755681818181818 0.5020833333333333 0.022727272727272728 0.07916666666666666
2 0.625 0.8916666666666667 0.23863636363636365 0.21666666666666667
1 0.4318181818181818 0.6229166666666667 0.11931818181818182 0.12916666666666668
9 0.37073863636363635 0.46875 0.12215909090909091 0.17916666666666667
1 0.6349431818181818 0.7145833333333333 0.16193181818181818 0.1375
1 0.5653409090909091 0.60625 0.13068181818181818 0.0875
1 0.44886363636363635 0.49166666666666664 0.045454545454545456 0.05
1 0.29261363636363635 0.3958333333333333 0.03977272727272727 0.03333333333333333
3 0.30113636363636365 0.37083333333333335 0.028409090909090908 0.016666666666666666
10 0.7571022727272727 0.69375 0.05397727272727273 0.14583333333333334
9 0.48295454545454547 0.4395833333333333 0.125 0.12083333333333333
