10 0.17897727272727273 0.7083333333333334 0.03409090909090909 0.14166666666666666
3 0.2059659090909091 0.4375 0.04261363636363636 0.041666666666666664
1 0.39204545454545453 0.9104166666666667 0.21022727272727273 0.17916666666666667
1 0.2897727272727273 0.59375 0.08522727272727272 0.09583333333333334
1 0.2755681818181818 0.5041666666666667 0.0625 0.06666666666666667
10 0.2571022727272727 0.4270833333333333 0.04261363636363636 0.0375
1 0.22727272727272727 0.3875 0.028409090909090908 0.025
1 0.43892045454545453 0.6458333333333334 0.11647727272727272 0.11666666666666667
7 0.37926136363636365 0.5354166666666667 0.07670454545454546 0.0875
3 0.3352272727272727 0.48333333333333334 0.05113636363636364 0.05
3 0.2911931818181818 0.41458333333333336 0.03125 0.0375
2 0.26420454545454547 0.36875 0.028409090909090908 0.029166666666666667
1 0.5994318181818182 0.6791666666666667 0.14204545454545456 0.13333333333333333
1 0.41051136363636365 0.5 0.07102272727272728 0.058333333333333334
2 0.37357954545454547 0.4354166666666667 0.05965909090909091 0.05416666666666667
1 0.32954545454545453 0.4041666666666667 0.028409090909090908 0.03333333333333333
1 0.31392045454545453 0.37916666666666665 0.03125 0.025
1 0.9119318181818182 0.9020833333333333 0.17613636363636365 0.19583333333333333
10 0.6860795454545454 0.6416666666666667 0.07102272727272728 0.11666666666666667
9 0.4815340909090909 0.44166666666666665 0.1278409090909091 0.11666666666666667
