2 0.2471590909090909 0.46875 0.05113636363636364 0.05416666666666667
1 0.24573863636363635 0.42291666666666666 0.04261363636363636 0.0375
1 0.23863636363636365 0.38958333333333334 0.028409090909090908 0.029166666666666667
1 0.22727272727272727 0.3729166666666667 0.022727272727272728 0.029166666666666667
1 0.3352272727272727 0.49375 0.056818181818181816 0.05416666666666667
1 0.2883522727272727 0.4125 0.036931818181818184 0.03333333333333333
3 0.2883522727272727 0.3854166666666667 0.02556818181818182 0.020833333333333332
1 0.5994318181818182 0.6458333333333334 0.1590909090909091 0.11666666666666667
1 0.42045454545454547 0.50625 0.06818181818181818 0.07916666666666666
2 0.375 0.44166666666666665 0.045454545454545456 0.041666666666666664
10 0.4744318181818182 0.48541666666666666 0.045454545454545456 0.0625
1 0.5994318181818182 0.575 0.10227272727272728 0.058333333333333334
9 0.4815340909090909 0.4395833333333333 0.1278409090909091 0.1125
