3 0.21022727272727273 0.49583333333333335 0.0625 0.058333333333333334
10 0.18323863636363635 0.44583333333333336 0.014204545454545454 0.05
10 0.20454545454545456 0.39791666666666664 0.011363636363636364 0.0375
10 0.19886363636363635 0.39166666666666666 0.022727272727272728 0.03333333333333333
1 0.35511363636363635 0.9520833333333333 0.1875 0.09583333333333334
1 0.31107954545454547 0.6916666666666667 0.11079545454545454 0.13333333333333333
3 0.30113636363636365 0.5375 0.07386363636363637 0.09166666666666666
1 0.2599431818181818 0.4354166666666667 0.036931818181818184 0.04583333333333333
10 0.22443181818181818 0.38958333333333334 0.011363636363636364 0.0375
3 0.7230113636363636 0.9708333333333333 0.22443181818181818 0.058333333333333334
2 0.5369318181818182 0.7895833333333333 0.17613636363636365 0.1625
2 0.41761363636363635 0.59375 0.09659090909090909 0.0875
1 0.3380681818181818 0.4708333333333333 0.0625 0.06666666666666667
2 0.7755681818181818 0.8416666666666667 0.29545454545454547 0.24166666666666667
1 0.5085227272727273 0.5854166666666667 0.10795454545454546 0.0875
1 0.4275568181818182 0.5020833333333333 0.07102272727272728 0.0625
1 0.37926136363636365 0.4479166666666667 0.04261363636363636 0.04583333333333333
9 0.3210227272727273 0.3770833333333333 0.05113636363636364 0.07916666666666666
1 0.7215909090909091 0.6895833333333333 0.17613636363636365 0.10416666666666667
10 0.3664772727272727 0.40208333333333335 0.011363636363636364 0.0375
9 0.48295454545454547 0.4395833333333333 0.13068181818181818 0.1125
