10 0.19744318181818182 0.38125 0.019886363636363636 0.020833333333333332
2 0.23863636363636365 0.4125 0.03977272727272727 0.041666666666666664
1 0.23863636363636365 0.3854166666666667 0.03409090909090909 0.029166666666666667
1 0.2897727272727273 0.40625 0.03409090909090909 0.029166666666666667
1 0.27698863636363635 0.3854166666666667 0.03125 0.029166666666666667
1 0.3465909090909091 0.41458333333333336 0.03977272727272727 0.029166666666666667
1 0.3252840909090909 0.39166666666666666 0.036931818181818184 0.03333333333333333
10 0.7528409090909091 0.7458333333333333 0.13636363636363635 0.175
1 0.31676136363636365 0.425 0.04261363636363636 0.03333333333333333
9 0.44886363636363635 0.42291666666666666 0.13068181818181818 0.10416666666666667
