10 0.1903409090909091 0.9333333333333333 0.05113636363636364 0.13333333333333333
3 0.2059659090909091 0.4583333333333333 0.048295454545454544 0.05
1 0.3153409090909091 0.6770833333333334 0.10795454545454546 0.12916666666666668
1 0.2883522727272727 0.54375 0.07670454545454546 0.07916666666666666
10 0.2713068181818182 0.46458333333333335 0.05397727272727273 0.04583333333333333
1 0.23295454545454544 0.39791666666666664 0.03409090909090909 0.029166666666666667
1 0.4815340909090909 0.725 0.14488636363636365 0.15
7 0.4090909090909091 0.5833333333333334 0.09090909090909091 0.10833333333333334
3 0.36079545454545453 0.5208333333333334 0.06818181818181818 0.058333333333333334
3 0.3068181818181818 0.43333333333333335 0.03977272727272727 0.041666666666666664
2 0.2784090909090909 0.38958333333333334 0.03409090909090909 0.0375
1 0.75 0.8395833333333333 0.22727272727272727 0.19583333333333333
1 0.47301136363636365 0.5583333333333333 0.07670454545454546 0.08333333333333333
2 0.40767045454545453 0.4708333333333333 0.07102272727272728 0.06666666666666667
1 0.34801136363636365 0.42291666666666666 0.036931818181818184 0.0375
1 0.3252840909090909 0.3854166666666667 0.03125 0.029166666666666667
1 0.2997159090909091 0.36875 0.019886363636363636 0.020833333333333332
1 0.9829545454545454 0.95625 0.03409090909090909 0.0875
10 0.7428977272727273 0.675 0.10511363636363637 0.11666666666666667
9 0.48295454545454547 0.44166666666666665 0.125 0.11666666666666667
