3 0.21022727272727273 0.49583333333333335 0.056818181818181816 0.058333333333333334
1 0.3835227272727273 0.8875 0.17613636363636365 0.225
10 0.30823863636363635 0.6541666666666667 0.09375 0.1
1 0.28267045454545453 0.5208333333333334 0.05965909090909091 0.06666666666666667
1 0.23863636363636365 0.4041666666666667 0.028409090909090908 0.03333333333333333
7 0.6747159090909091 0.9166666666666666 0.29829545454545453 0.16666666666666666
3 0.49573863636363635 0.7270833333333333 0.14488636363636365 0.1375
3 0.37642045454545453 0.53125 0.07102272727272728 0.0625
2 0.29829545454545453 0.4479166666666667 0.05113636363636364 0.04583333333333333
2 0.28267045454545453 0.39791666666666664 0.03125 0.0375
2 0.6576704545454546 0.7208333333333333 0.21306818181818182 0.175
1 0.46732954545454547 0.5541666666666667 0.08806818181818182 0.075
2 0.3991477272727273 0.4791666666666667 0.08806818181818182 0.075
1 0.3721590909090909 0.4375 0.045454545454545456 0.041666666666666664
1 0.33948863636363635 0.4041666666666667 0.036931818181818184 0.03333333333333333
9 0.48295454545454547 0.4395833333333333 0.13068181818181818 0.12083333333333333
