10 0.16335227272727273 0.53125 0.019886363636363636 0.07916666666666666
3 0.20880681818181818 0.49583333333333335 0.05397727272727273 0.058333333333333334
10 0.19176136363636365 0.41875 0.03125 0.04583333333333333
1 0.37642045454545453 0.89375 0.1903409090909091 0.2125
3 0.31676136363636365 0.64375 0.11079545454545454 0.1375
1 0.29261363636363635 0.5125 0.056818181818181816 0.06666666666666667
10 0.26136363636363635 0.43125 0.017045454545454544 0.04583333333333333
10 0.23295454545454544 0.4354166666666667 0.011363636363636364 0.04583333333333333
2 0.6974431818181818 0.95 0.24147727272727273 0.1
2 0.4758522727272727 0.6833333333333333 0.1278409090909091 0.125
1 0.3849431818181818 0.5395833333333333 0.08238636363636363 0.09583333333333334
9 0.3366477272727273 0.41458333333333336 0.07670454545454546 0.12083333333333333
1 0.2713068181818182 0.3729166666666667 0.02556818181818182 0.029166666666666667
2 0.9375 0.9729166666666667 0.125 0.05416666666666667
1 0.671875 0.7479166666666667 0.1846590909090909 0.14583333333333334
1 0.5071022727272727 0.58125 0.10511363636363637 0.0875
1 0.4559659090909091 0.5166666666666667 0.07102272727272728 0.06666666666666667
1 0.9431818181818182 0.9020833333333333 0.11363636363636363 0.12916666666666668
10 0.43607954545454547 0.4583333333333333 0.03125 0.05
9 0.4815340909090909 0.4375 0.12215909090909091 0.11666666666666667
