10 0.19602272727272727 0.39375 0.028409090909090908 0.04583333333333333
2 0.23863636363636365 0.4166666666666667 0.03977272727272727 0.05
1 0.23863636363636365 0.3854166666666667 0.03409090909090909 0.029166666666666667
1 0.2897727272727273 0.40625 0.03409090909090909 0.029166666666666667
1 0.27698863636363635 0.3854166666666667 0.03125 0.029166666666666667
1 0.359375 0.42291666666666666 0.04261363636363636 0.0375
1 0.3252840909090909 0.39166666666666666 0.036931818181818184 0.03333333333333333
10 0.8636363636363636 0.80625 0.1875 0.17916666666666667
1 0.42329545454545453 0.49166666666666664 0.09090909090909091 0.058333333333333334
9 0.46875 0.4354166666666667 0.125 0.1125
5 0.08380681818181818 0.8979166666666667 0.16761363636363635 0.20416666666666666
