10 0.1875 0.4041666666666667 0.011363636363636364 0.041666666666666664
1 0.3153409090909091 0.90625 0.19318181818181818 0.1875
1 0.3039772727272727 0.6125 0.11931818181818182 0.11666666666666667
1 0.2471590909090909 0.4979166666666667 0.056818181818181816 0.07083333333333333
1 0.23295454545454544 0.4270833333333333 0.03409090909090909 0.0375
1 0.5482954545454546 0.9083333333333333 0.25 0.18333333333333332
1 0.421875 0.5604166666666667 0.12215909090909091 0.0875
4 0.32954545454545453 0.47708333333333336 0.06818181818181818 0.07083333333333333
2 0.2684659090909091 0.40625 0.036931818181818184 0.0375
1 0.6875 0.7770833333333333 0.20454545454545456 0.1625
9 0.4247159090909091 0.44583333333333336 0.07670454545454546 0.14166666666666666
9 0.3622159090909091 0.39375 0.09943181818181818 0.0875
10 0.9559659090909091 0.84375 0.08238636363636363 0.17083333333333334
10 0.6477272727272727 0.5895833333333333 0.03409090909090909 0.09583333333333334
10 0.5923295454545454 0.5520833333333334 0.03125 0.09583333333333334
