10 0.20454545454545456 0.4166666666666667 0.03409090909090909 0.05
2 0.23863636363636365 0.4166666666666667 0.03977272727272727 0.05
1 0.23863636363636365 0.3854166666666667 0.03409090909090909 0.029166666666666667
1 0.2897727272727273 0.40625 0.03409090909090909 0.029166666666666667
1 0.27698863636363635 0.3854166666666667 0.03125 0.029166666666666667
1 0.3849431818181818 0.44375 0.048295454545454544 0.04583333333333333
1 0.3309659090909091 0.39375 0.03125 0.0375
10 0.8920454545454546 0.7979166666666667 0.09659090909090909 0.14583333333333334
1 0.5653409090909091 0.5645833333333333 0.11363636363636363 0.07916666666666666
9 0.4786931818181818 0.4375 0.1278409090909091 0.11666666666666667
5 0.859375 0.875 0.28125 0.25
