10 0.16761363636363635 0.48541666666666666 0.022727272727272728 0.07916666666666666
10 0.1903409090909091 0.4395833333333333 0.017045454545454544 0.0625
1 0.3849431818181818 0.9020833333333333 0.20738636363636365 0.19583333333333333
1 0.2571022727272727 0.5916666666666667 0.08238636363636363 0.1
2 0.2372159090909091 0.41041666666666665 0.03125 0.0375
1 0.22869318181818182 0.3729166666666667 0.02556818181818182 0.020833333333333332
4 0.48579545454545453 0.7166666666666667 0.19318181818181818 0.19166666666666668
2 0.3352272727272727 0.5354166666666667 0.09090909090909091 0.0875
1 0.3068181818181818 0.4166666666666667 0.03977272727272727 0.041666666666666664
1 0.27982954545454547 0.3958333333333333 0.02556818181818182 0.025
1 0.26420454545454547 0.3729166666666667 0.022727272727272728 0.020833333333333332
1 0.6278409090909091 0.69375 0.17613636363636365 0.12916666666666668
9 0.4289772727272727 0.45625 0.09090909090909091 0.17083333333333334
1 0.3366477272727273 0.40208333333333335 0.02556818181818182 0.029166666666666667
1 0.3181818181818182 0.3875 0.022727272727272728 0.025
9 0.4190340909090909 0.4125 0.13352272727272727 0.1
