4 0.26988636363636365 0.60625 0.10227272727272728 0.15416666666666667
2 0.2215909090909091 0.4479166666666667 0.045454545454545456 0.04583333333333333
1 0.2215909090909091 0.41041666666666665 0.03409090909090909 0.029166666666666667
1 0.22443181818181818 0.38333333333333336 0.028409090909090908 0.025
5 0.5894886363636364 0.8645833333333334 0.3664772727272727 0.2708333333333333
4 0.3465909090909091 0.5125 0.07954545454545454 0.10833333333333334
1 0.3125 0.4583333333333333 0.045454545454545456 0.05
1 0.28267045454545453 0.41458333333333336 0.03125 0.0375
1 0.29545454545454547 0.39375 0.028409090909090908 0.029166666666666667
4 0.2741477272727273 0.3770833333333333 0.02556818181818182 0.029166666666666667
3 0.6576704545454546 0.7979166666666667 0.21306818181818182 0.17916666666666667
1 0.4559659090909091 0.5604166666666667 0.08806818181818182 0.07916666666666666
1 0.4190340909090909 0.4791666666666667 0.07102272727272728 0.06666666666666667
1 0.35511363636363635 0.43125 0.045454545454545456 0.0375
1 0.5838068181818182 0.58125 0.11079545454545454 0.0875
10 0.4502840909090909 0.43333333333333335 0.014204545454545454 0.05
10 0.4161931818181818 0.41458333333333336 0.014204545454545454 0.04583333333333333
9 0.3508522727272727 0.375 0.08238636363636363 0.075
