2 0.2897727272727273 0.8458333333333333 0.17045454545454544 0.24166666666666667
4 0.25 0.51875 0.07386363636363637 0.10416666666666667
2 0.22017045454545456 0.42916666666666664 0.036931818181818184 0.041666666666666664
1 0.22301136363636365 0.4 0.03125 0.025
5 0.4900568181818182 0.7791666666666667 0.29261363636363635 0.35
4 0.32954545454545453 0.47291666666666665 0.0625 0.07916666666666666
1 0.3039772727272727 0.4395833333333333 0.03977272727272727 0.04583333333333333
1 0.2755681818181818 0.40625 0.03409090909090909 0.0375
1 0.2911931818181818 0.38958333333333334 0.02556818181818182 0.029166666666666667
1 0.9005681818181818 0.9458333333333333 0.19886363636363635 0.10833333333333334
3 0.5397727272727273 0.6583333333333333 0.13636363636363635 0.11666666666666667
1 0.4190340909090909 0.5125 0.07102272727272728 0.06666666666666667
1 0.39204545454545453 0.45416666666666666 0.05113636363636364 0.058333333333333334
1 0.33948863636363635 0.41875 0.036931818181818184 0.0375
1 0.5170454545454546 0.5291666666666667 0.08522727272727272 0.06666666666666667
10 0.4303977272727273 0.42291666666666666 0.014204545454545454 0.04583333333333333
9 0.34375 0.375 0.07386363636363637 0.075
