10 0.15198863636363635 0.56875 0.03125 0.10416666666666667
10 0.1846590909090909 0.50625 0.022727272727272728 0.0875
1 0.3366477272727273 0.9083333333333333 0.1903409090909091 0.18333333333333332
2 0.23863636363636365 0.4125 0.03409090909090909 0.041666666666666664
1 0.24147727272727273 0.38333333333333336 0.028409090909090908 0.025
4 0.7428977272727273 0.9583333333333334 0.29261363636363635 0.08333333333333333
2 0.4928977272727273 0.675 0.17329545454545456 0.14166666666666666
1 0.3125 0.41875 0.03977272727272727 0.0375
1 0.2869318181818182 0.4 0.03409090909090909 0.03333333333333333
1 0.2741477272727273 0.38958333333333334 0.03125 0.029166666666666667
1 0.9232954545454546 0.9270833333333334 0.1534090909090909 0.14583333333333334
9 0.4303977272727273 0.46041666666666664 0.09375 0.1625
1 0.3366477272727273 0.39791666666666664 0.03125 0.029166666666666667
1 0.3196022727272727 0.38333333333333336 0.02556818181818182 0.025
9 0.4247159090909091 0.4125 0.13352272727272727 0.1
10 0.84375 0.7333333333333333 0.07386363636363637 0.13333333333333333
