10 0.3409090909090909 0.8083333333333333 0.05113636363636364 0.15
2 0.24005681818181818 0.6458333333333334 0.10511363636363637 0.13333333333333333
4 0.24005681818181818 0.4708333333333333 0.05965909090909091 0.075
2 0.21732954545454544 0.41458333333333336 0.036931818181818184 0.0375
1 0.21732954545454544 0.3875 0.02556818181818182 0.025
2 0.6519886363636364 0.94375 0.2471590909090909 0.1125
5 0.4090909090909091 0.6458333333333334 0.19886363636363635 0.225
4 0.31676136363636365 0.4479166666666667 0.05397727272727273 0.07083333333333333
1 0.2883522727272727 0.4270833333333333 0.02556818181818182 0.0375
1 0.2727272727272727 0.40208333333333335 0.028409090909090908 0.029166666666666667
1 0.2869318181818182 0.3854166666666667 0.022727272727272728 0.029166666666666667
1 0.7372159090909091 0.8145833333333333 0.22443181818181818 0.1875
3 0.46875 0.575 0.10227272727272728 0.08333333333333333
1 0.39488636363636365 0.47708333333333336 0.056818181818181816 0.05416666666666667
1 0.37357954545454547 0.4354166666666667 0.048295454545454544 0.04583333333333333
1 0.33238636363636365 0.4083333333333333 0.028409090909090908 0.025
1 0.4744318181818182 0.49583333333333335 0.07386363636363637 0.058333333333333334
10 0.4119318181818182 0.41458333333333336 0.017045454545454544 0.05416666666666667
9 0.3380681818181818 0.37083333333333335 0.06818181818181818 0.06666666666666667
