10 0.18323863636363635 0.4354166666666667 0.014204545454545454 0.0625
10 0.1903409090909091 0.40208333333333335 0.011363636363636364 0.04583333333333333
1 0.4559659090909091 0.8354166666666667 0.23579545454545456 0.22083333333333333
1 0.27982954545454547 0.6270833333333333 0.09943181818181818 0.12083333333333333
1 0.23863636363636365 0.49375 0.05113636363636364 0.0625
2 0.23295454545454544 0.3958333333333333 0.03409090909090909 0.03333333333333333
4 0.37642045454545453 0.5645833333333333 0.11079545454545454 0.1125
2 0.3025568181818182 0.45416666666666666 0.048295454545454544 0.06666666666666667
1 0.2897727272727273 0.4 0.03409090909090909 0.03333333333333333
1 0.2713068181818182 0.37916666666666665 0.02556818181818182 0.025
1 0.8693181818181818 0.9229166666666667 0.26136363636363635 0.15416666666666667
1 0.5198863636363636 0.6208333333333333 0.14204545454545456 0.10833333333333334
9 0.4303977272727273 0.45416666666666666 0.08238636363636363 0.15833333333333333
10 0.8451704545454546 0.7458333333333333 0.06534090909090909 0.13333333333333333
10 0.7556818181818182 0.6833333333333333 0.045454545454545456 0.11666666666666667
9 0.4034090909090909 0.4 0.13068181818181818 0.09166666666666666
1 0.3252840909090909 0.39375 0.02556818181818182 0.029166666666666667
