3 0.21022727272727273 0.49583333333333335 0.056818181818181816 0.058333333333333334
10 0.19318181818181818 0.4125 0.011363636363636364 0.041666666666666664
1 0.32954545454545453 0.86875 0.1590909090909091 0.22916666666666666
1 0.29261363636363635 0.5833333333333334 0.07386363636363637 0.09166666666666666
3 0.2840909090909091 0.46875 0.056818181818181816 0.05416666666666667
1 0.24573863636363635 0.39375 0.03125 0.029166666666666667
3 0.6235795454545454 0.89375 0.2471590909090909 0.2125
2 0.45454545454545453 0.6645833333333333 0.11931818181818182 0.1125
2 0.3721590909090909 0.5291666666666667 0.06818181818181818 0.06666666666666667
1 0.2883522727272727 0.41458333333333336 0.036931818181818184 0.04583333333333333
1 0.8963068181818182 0.9583333333333334 0.20738636363636365 0.08333333333333333
2 0.6463068181818182 0.7125 0.20738636363636365 0.175
1 0.43323863636363635 0.5041666666666667 0.07102272727272728 0.058333333333333334
1 0.3778409090909091 0.45 0.05113636363636364 0.05
1 0.3380681818181818 0.4125 0.03409090909090909 0.03333333333333333
9 0.31676136363636365 0.36666666666666664 0.04261363636363636 0.06666666666666667
1 0.5767045454545454 0.5895833333333333 0.11931818181818182 0.0875
9 0.4815340909090909 0.4395833333333333 0.1278409090909091 0.12083333333333333
10 0.3508522727272727 0.38333333333333336 0.008522727272727272 0.03333333333333333
