10 0.18607954545454544 0.45208333333333334 0.019886363636363636 0.0625
2 0.32386363636363635 0.79375 0.13636363636363635 0.17083333333333334
3 0.2556818181818182 0.5625 0.06818181818181818 0.08333333333333333
2 0.24431818181818182 0.48125 0.05113636363636364 0.0625
2 0.234375 0.41458333333333336 0.03125 0.0375
1 0.22443181818181818 0.3875 0.028409090909090908 0.025
1 0.6633522727272727 0.9645833333333333 0.2471590909090909 0.07083333333333333
1 0.5028409090909091 0.7625 0.17613636363636365 0.16666666666666666
7 0.41051136363636365 0.5791666666666667 0.09375 0.10833333333333334
2 0.3522727272727273 0.5041666666666667 0.06818181818181818 0.075
1 0.31392045454545453 0.44375 0.048295454545454544 0.04583333333333333
2 0.28267045454545453 0.4041666666666667 0.036931818181818184 0.03333333333333333
1 0.9005681818181818 0.9416666666666667 0.19886363636363635 0.11666666666666667
2 0.6690340909090909 0.71875 0.21875 0.1875
3 0.5767045454545454 0.5791666666666667 0.11931818181818182 0.1
2 0.42329545454545453 0.49166666666666664 0.07386363636363637 0.058333333333333334
1 0.3821022727272727 0.4375 0.048295454545454544 0.041666666666666664
3 0.33948863636363635 0.4083333333333333 0.036931818181818184 0.03333333333333333
1 0.31676136363636365 0.38333333333333336 0.02556818181818182 0.025
