10 0.16051136363636365 0.5458333333333333 0.014204545454545454 0.09166666666666666
10 0.16761363636363635 0.5041666666666667 0.017045454545454544 0.08333333333333333
10 0.1903409090909091 0.39375 0.011363636363636364 0.04583333333333333
1 0.3934659090909091 0.9625 0.20170454545454544 0.075
2 0.2713068181818182 0.5833333333333334 0.08238636363636363 0.1
3 0.24573863636363635 0.48125 0.05965909090909091 0.0625
1 0.22869318181818182 0.4270833333333333 0.036931818181818184 0.0375
1 0.22727272727272727 0.39375 0.03409090909090909 0.029166666666666667
2 0.7897727272727273 0.9666666666666667 0.2727272727272727 0.06666666666666667
1 0.46732954545454547 0.70625 0.14488636363636365 0.14583333333333334
3 0.37642045454545453 0.55 0.08238636363636363 0.075
1 0.32386363636363635 0.4708333333333333 0.06818181818181818 0.06666666666666667
2 0.3039772727272727 0.42916666666666664 0.03409090909090909 0.03333333333333333
1 0.2784090909090909 0.3958333333333333 0.03977272727272727 0.041666666666666664
1 0.7159090909090909 0.7645833333333333 0.19886363636363635 0.15416666666666667
1 0.53125 0.60625 0.11931818181818182 0.10416666666666667
1 0.44886363636363635 0.5166666666666667 0.10227272727272728 0.06666666666666667
1 0.40767045454545453 0.475 0.05397727272727273 0.05
10 0.3522727272727273 0.39791666666666664 0.08522727272727272 0.1125
1 0.4034090909090909 0.42083333333333334 0.03409090909090909 0.03333333333333333
1 0.9460227272727273 0.91875 0.10795454545454546 0.15416666666666667
