10 0.15198863636363635 0.63125 0.036931818181818184 0.1375
2 0.2840909090909091 0.66875 0.09659090909090909 0.12916666666666668
1 0.2571022727272727 0.5625 0.07670454545454546 0.08333333333333333
1 0.25142045454545453 0.5 0.05397727272727273 0.06666666666666667
2 0.24147727272727273 0.4479166666666667 0.03977272727272727 0.04583333333333333
3 0.23011363636363635 0.4166666666666667 0.03977272727272727 0.03333333333333333
1 0.23011363636363635 0.39166666666666666 0.03977272727272727 0.016666666666666666
2 0.6903409090909091 0.9625 0.25 0.075
1 0.5340909090909091 0.83125 0.20454545454545456 0.20416666666666666
2 0.40482954545454547 0.5916666666666667 0.1278409090909091 0.13333333333333333
1 0.3352272727272727 0.49583333333333335 0.0625 0.06666666666666667
3 0.31107954545454547 0.44583333333333336 0.04261363636363636 0.041666666666666664
1 0.2784090909090909 0.39791666666666664 0.03409090909090909 0.04583333333333333
1 0.8252840909090909 0.83125 0.24147727272727273 0.17916666666666667
3 0.4928977272727273 0.5729166666666666 0.09943181818181818 0.0875
1 0.4289772727272727 0.49583333333333335 0.07386363636363637 0.058333333333333334
1 0.37357954545454547 0.44375 0.048295454545454544 0.04583333333333333
1 0.3352272727272727 0.41875 0.03977272727272727 0.0375
1 0.3096590909090909 0.39166666666666666 0.03409090909090909 0.03333333333333333
1 0.42613636363636365 0.4479166666666667 0.0625 0.04583333333333333
1 0.3508522727272727 0.4 0.03125 0.03333333333333333
