10 0.14772727272727273 0.7145833333333333 0.03977272727272727 0.1625
10 0.1690340909090909 0.6208333333333333 0.03125 0.13333333333333333
10 0.17755681818181818 0.42083333333333334 0.014204545454545454 0.06666666666666667
2 0.36079545454545453 0.9083333333333333 0.1875 0.18333333333333332
3 0.2755681818181818 0.5833333333333334 0.08522727272727272 0.10833333333333334
1 0.22727272727272727 0.4270833333333333 0.03977272727272727 0.0375
1 0.22869318181818182 0.3958333333333333 0.03125 0.025
1 0.6747159090909091 0.94375 0.24147727272727273 0.1125
3 0.4403409090909091 0.64375 0.11931818181818182 0.10416666666666667
1 0.328125 0.48125 0.07102272727272728 0.07916666666666666
2 0.30823863636363635 0.4375 0.036931818181818184 0.025
1 0.28267045454545453 0.4083333333333333 0.03125 0.041666666666666664
1 0.26704545454545453 0.38958333333333334 0.028409090909090908 0.029166666666666667
1 0.8792613636363636 0.9041666666666667 0.24147727272727273 0.19166666666666668
1 0.6051136363636364 0.6729166666666667 0.14772727272727273 0.12083333333333333
1 0.453125 0.51875 0.09943181818181818 0.0625
1 0.4034090909090909 0.47708333333333336 0.05113636363636364 0.05416666666666667
10 0.359375 0.40208333333333335 0.08806818181818182 0.1125
1 0.3053977272727273 0.38333333333333336 0.019886363636363636 0.025
1 0.40767045454545453 0.425 0.019886363636363636 0.03333333333333333
