2 0.26704545454545453 0.6083333333333333 0.08522727272727272 0.125
2 0.24289772727272727 0.4875 0.06534090909090909 0.075
1 0.24147727272727273 0.43125 0.03409090909090909 0.0375
2 0.23011363636363635 0.39791666666666664 0.03409090909090909 0.0375
1 0.5113636363636364 0.7979166666666667 0.18181818181818182 0.1875
4 0.37357954545454547 0.5625 0.08806818181818182 0.1
1 0.328125 0.48125 0.05965909090909091 0.05416666666666667
3 0.3053977272727273 0.43333333333333335 0.036931818181818184 0.041666666666666664
2 0.28267045454545453 0.40208333333333335 0.02556818181818182 0.029166666666666667
5 0.2585227272727273 0.3875 0.028409090909090908 0.025
10 0.7670454545454546 0.75 0.4659090909090909 0.5
1 0.4772727272727273 0.5625 0.09659090909090909 0.08333333333333333
1 0.3991477272727273 0.47708333333333336 0.05965909090909091 0.05416666666666667
1 0.3465909090909091 0.42916666666666664 0.03977272727272727 0.041666666666666664
3 0.3224431818181818 0.4 0.03125 0.025
2 0.3977272727272727 0.43125 0.056818181818181816 0.04583333333333333
1 0.37357954545454547 0.4041666666666667 0.02556818181818182 0.025
1 0.3465909090909091 0.3854166666666667 0.028409090909090908 0.020833333333333332
