10 0.1846590909090909 0.45208333333333334 0.017045454545454544 0.05416666666666667
10 0.2002840909090909 0.3875 0.008522727272727272 0.03333333333333333
2 0.25426136363636365 0.4708333333333333 0.05397727272727273 0.058333333333333334
1 0.24147727272727273 0.425 0.03409090909090909 0.03333333333333333
1 0.2372159090909091 0.39166666666666666 0.03125 0.025
1 0.39204545454545453 0.5458333333333333 0.09090909090909091 0.09166666666666666
3 0.32670454545454547 0.4666666666666667 0.056818181818181816 0.05
1 0.30113636363636365 0.41458333333333336 0.03409090909090909 0.0375
2 0.28267045454545453 0.38958333333333334 0.03125 0.029166666666666667
1 0.5426136363636364 0.5375 0.09090909090909091 0.075
1 0.42045454545454547 0.4979166666666667 0.07386363636363637 0.0625
1 0.3693181818181818 0.4375 0.045454545454545456 0.041666666666666664
1 0.3309659090909091 0.3958333333333333 0.03125 0.03333333333333333
