10 0.15625 0.5104166666666666 0.022727272727272728 0.0875
10 0.18892045454545456 0.4166666666666667 0.014204545454545454 0.058333333333333334
2 0.2741477272727273 0.5541666666666667 0.07670454545454546 0.09166666666666666
1 0.25142045454545453 0.45 0.048295454545454544 0.041666666666666664
1 0.24431818181818182 0.4166666666666667 0.03977272727272727 0.03333333333333333
3 0.23011363636363635 0.39166666666666666 0.028409090909090908 0.03333333333333333
1 0.5113636363636364 0.6854166666666667 0.1534090909090909 0.1375
3 0.3678977272727273 0.5375 0.08238636363636363 0.075
1 0.3181818181818182 0.44375 0.03977272727272727 0.04583333333333333
2 0.29261363636363635 0.4083333333333333 0.03409090909090909 0.03333333333333333
1 0.6434659090909091 0.6291666666666667 0.12215909090909091 0.1
1 0.4715909090909091 0.5458333333333333 0.09659090909090909 0.075
1 0.39488636363636365 0.4666666666666667 0.056818181818181816 0.05
1 0.3465909090909091 0.4125 0.03977272727272727 0.041666666666666664
1 0.2869318181818182 0.3854166666666667 0.03409090909090909 0.029166666666666667
