1 0.22869318181818182 0.44166666666666665 0.04261363636363636 0.041666666666666664
1 0.23011363636363635 0.40625 0.03409090909090909 0.029166666666666667
2 0.22301136363636365 0.38125 0.03125 0.029166666666666667
1 0.32954545454545453 0.48333333333333334 0.06818181818181818 0.075
2 0.31107954545454547 0.44166666666666665 0.036931818181818184 0.03333333333333333
1 0.2897727272727273 0.4125 0.045454545454545456 0.041666666666666664
1 0.2784090909090909 0.39791666666666664 0.03409090909090909 0.0375
1 0.46732954545454547 0.5270833333333333 0.10511363636363637 0.07083333333333333
1 0.41051136363636365 0.4791666666666667 0.05397727272727273 0.05
10 0.36079545454545453 0.4041666666666667 0.09090909090909091 0.10833333333333334
1 0.31107954545454547 0.39375 0.019886363636363636 0.029166666666666667
1 0.3039772727272727 0.3770833333333333 0.022727272727272728 0.020833333333333332
1 0.4119318181818182 0.42916666666666664 0.03409090909090909 0.03333333333333333
