10 0.19176136363636365 0.41875 0.014204545454545454 0.05416666666666667
1 0.4318181818181818 0.9895833333333334 0.14204545454545456 0.020833333333333332
3 0.2869318181818182 0.70625 0.10795454545454546 0.14583333333333334
2 0.24573863636363635 0.5354166666666667 0.07670454545454546 0.10416666666666667
1 0.25 0.4583333333333333 0.05113636363636364 0.05
2 0.22727272727272727 0.4041666666666667 0.03977272727272727 0.05
2 0.43892045454545453 0.6520833333333333 0.13352272727272727 0.1375
1 0.36079545454545453 0.5416666666666666 0.07954545454545454 0.075
1 0.30113636363636365 0.44375 0.045454545454545456 0.04583333333333333
1 0.2840909090909091 0.4166666666666667 0.03409090909090909 0.03333333333333333
7 0.2784090909090909 0.3875 0.028409090909090908 0.025
1 0.8636363636363636 0.90625 0.2727272727272727 0.1875
1 0.5596590909090909 0.6166666666666667 0.125 0.1
1 0.4161931818181818 0.49583333333333335 0.07670454545454546 0.06666666666666667
2 0.3963068181818182 0.45 0.06534090909090909 0.05
3 0.34801136363636365 0.4083333333333333 0.04261363636363636 0.041666666666666664
2 0.32670454545454547 0.3875 0.028409090909090908 0.025
