10 0.12215909090909091 0.63125 0.03977272727272727 0.1375
1 0.32386363636363635 0.7729166666666667 0.13636363636363635 0.17916666666666667
2 0.2471590909090909 0.5875 0.08522727272727272 0.10833333333333334
1 0.24857954545454544 0.49583333333333335 0.05397727272727273 0.06666666666666667
2 0.234375 0.41875 0.03125 0.04583333333333333
2 0.2215909090909091 0.39166666666666666 0.028409090909090908 0.03333333333333333
2 0.6661931818181818 0.9166666666666666 0.2585227272727273 0.16666666666666666
1 0.37357954545454547 0.5645833333333333 0.08806818181818182 0.1125
1 0.3338068181818182 0.49375 0.05965909090909091 0.07083333333333333
1 0.30823863636363635 0.4479166666666667 0.048295454545454544 0.04583333333333333
4 0.2840909090909091 0.4041666666666667 0.03409090909090909 0.041666666666666664
1 0.6377840909090909 0.7395833333333334 0.1846590909090909 0.14583333333333334
10 0.4815340909090909 0.5104166666666666 0.19602272727272727 0.2375
1 0.3622159090909091 0.4375 0.048295454545454544 0.041666666666666664
1 0.3309659090909091 0.40625 0.036931818181818184 0.029166666666666667
1 0.3039772727272727 0.37916666666666665 0.028409090909090908 0.025
1 0.9190340909090909 0.90625 0.16193181818181818 0.1875
1 0.6264204545454546 0.59375 0.11079545454545454 0.0875
2 0.34232954545454547 0.38958333333333334 0.02556818181818182 0.029166666666666667
