10 0.1875 0.41458333333333336 0.011363636363636364 0.04583333333333333
2 0.24857954545454544 0.44166666666666665 0.04261363636363636 0.05
1 0.23863636363636365 0.4041666666666667 0.03409090909090909 0.041666666666666664
1 0.23295454545454544 0.38125 0.03409090909090909 0.029166666666666667
1 0.34375 0.48125 0.0625 0.07083333333333333
3 0.3053977272727273 0.4354166666666667 0.04261363636363636 0.0375
1 0.2911931818181818 0.39791666666666664 0.036931818181818184 0.0375
1 0.5014204545454546 0.5 0.07670454545454546 0.058333333333333334
1 0.390625 0.4583333333333333 0.04261363636363636 0.05
1 0.34801136363636365 0.41875 0.036931818181818184 0.0375
1 0.32386363636363635 0.3875 0.028409090909090908 0.03333333333333333
6 0.4375 0.875 0.875 0.25
