10 0.125 0.8875 0.05113636363636364 0.21666666666666667
10 0.19176136363636365 0.42916666666666664 0.014204545454545454 0.058333333333333334
2 0.34801136363636365 0.9333333333333333 0.20738636363636365 0.13333333333333333
2 0.29261363636363635 0.6479166666666667 0.09090909090909091 0.1125
3 0.24857954545454544 0.5020833333333333 0.05397727272727273 0.0625
2 0.24005681818181818 0.44583333333333336 0.04261363636363636 0.05
2 0.23295454545454544 0.40208333333333335 0.028409090909090908 0.0375
1 0.5852272727272727 0.8979166666666667 0.24431818181818182 0.20416666666666666
1 0.4346590909090909 0.6666666666666666 0.13068181818181818 0.125
7 0.3778409090909091 0.5375 0.08522727272727272 0.09166666666666666
2 0.3366477272727273 0.4791666666666667 0.06534090909090909 0.06666666666666667
1 0.3053977272727273 0.42916666666666664 0.04261363636363636 0.041666666666666664
2 0.28125 0.3958333333333333 0.03409090909090909 0.03333333333333333
1 0.8565340909090909 0.9 0.2869318181818182 0.2
2 0.6235795454545454 0.6770833333333334 0.1903409090909091 0.1625
3 0.5298295454545454 0.5479166666666667 0.11079545454545454 0.0875
2 0.40482954545454547 0.47291666666666665 0.05965909090909091 0.05416666666666667
1 0.3721590909090909 0.4270833333333333 0.045454545454545456 0.0375
3 0.3309659090909091 0.3958333333333333 0.03125 0.03333333333333333
1 0.3096590909090909 0.375 0.028409090909090908 0.025
