10 0.16761363636363635 0.48333333333333334 0.017045454545454544 0.075
1 0.22727272727272727 0.4270833333333333 0.03977272727272727 0.0375
1 0.22869318181818182 0.39375 0.03125 0.029166666666666667
1 0.328125 0.48125 0.07102272727272728 0.07916666666666666
2 0.3096590909090909 0.4395833333333333 0.03977272727272727 0.0375
1 0.2840909090909091 0.4083333333333333 0.03977272727272727 0.041666666666666664
1 0.27698863636363635 0.39166666666666666 0.03125 0.03333333333333333
1 0.45454545454545453 0.5208333333333334 0.10227272727272728 0.06666666666666667
1 0.40767045454545453 0.47708333333333336 0.05397727272727273 0.05416666666666667
10 0.359375 0.40208333333333335 0.08806818181818182 0.1125
1 0.3053977272727273 0.38333333333333336 0.02556818181818182 0.03333333333333333
1 0.9176136363636364 0.9583333333333334 0.16477272727272727 0.08333333333333333
1 0.41051136363636365 0.425 0.02556818181818182 0.03333333333333333
10 0.08948863636363637 0.975 0.05965909090909091 0.05
