10 0.14630681818181818 0.7270833333333333 0.04261363636363636 0.14583333333333334
10 0.15625 0.55625 0.028409090909090908 0.12916666666666668
10 0.17613636363636365 0.45 0.017045454545454544 0.058333333333333334
2 0.4403409090909091 0.975 0.17045454545454544 0.05
1 0.27982954545454547 0.5520833333333334 0.07102272727272728 0.0875
1 0.2599431818181818 0.47291666666666665 0.048295454545454544 0.05416666666666667
3 0.24147727272727273 0.43125 0.03409090909090909 0.0375
2 0.22727272727272727 0.39375 0.03409090909090909 0.0375
3 0.6832386363636364 0.8583333333333333 0.26988636363636365 0.20833333333333334
1 0.38636363636363635 0.5541666666666667 0.08522727272727272 0.08333333333333333
2 0.3181818181818182 0.45625 0.05113636363636364 0.05416666666666667
2 0.28267045454545453 0.40625 0.036931818181818184 0.0375
1 0.26988636363636365 0.3854166666666667 0.028409090909090908 0.029166666666666667
1 0.9715909090909091 0.9479166666666666 0.056818181818181816 0.10416666666666667
1 0.5610795454545454 0.63125 0.13352272727272727 0.10416666666666667
1 0.4559659090909091 0.525 0.08238636363636363 0.075
1 0.38636363636363635 0.45416666666666666 0.05113636363636364 0.05
1 0.33948863636363635 0.4125 0.048295454545454544 0.041666666666666664
