10 0.18323863636363635 0.42083333333333334 0.014204545454545454 0.058333333333333334
1 0.2471590909090909 0.5645833333333333 0.07386363636363637 0.0875
1 0.25 0.4791666666666667 0.05113636363636364 0.058333333333333334
2 0.22585227272727273 0.43125 0.04261363636363636 0.04583333333333333
1 0.22585227272727273 0.3958333333333333 0.03125 0.025
1 0.390625 0.5666666666666667 0.10511363636363637 0.11666666666666667
2 0.33238636363636365 0.475 0.056818181818181816 0.058333333333333334
1 0.2911931818181818 0.42083333333333334 0.04261363636363636 0.05
1 0.28551136363636365 0.39791666666666664 0.04261363636363636 0.029166666666666667
1 0.43323863636363635 0.5104166666666666 0.07670454545454546 0.0625
10 0.37642045454545453 0.41875 0.10511363636363637 0.12916666666666668
1 0.3196022727272727 0.3958333333333333 0.02556818181818182 0.03333333333333333
1 0.3068181818181818 0.37916666666666665 0.028409090909090908 0.025
1 0.5625 0.5875 0.125 0.09166666666666666
1 0.4872159090909091 0.4875 0.07102272727272728 0.058333333333333334
