10 0.14630681818181818 0.6104166666666667 0.02556818181818182 0.12916666666666668
10 0.16193181818181818 0.55 0.022727272727272728 0.1
10 0.18323863636363635 0.40625 0.008522727272727272 0.04583333333333333
2 0.30113636363636365 0.70625 0.11363636363636363 0.14583333333333334
3 0.2571022727272727 0.5145833333333333 0.06534090909090909 0.07916666666666666
1 0.22585227272727273 0.42916666666666664 0.04261363636363636 0.03333333333333333
1 0.22869318181818182 0.3958333333333333 0.03125 0.03333333333333333
1 0.5497159090909091 0.83125 0.20170454545454544 0.20416666666666666
3 0.3963068181818182 0.58125 0.09375 0.0875
1 0.32670454545454547 0.47708333333333336 0.0625 0.07083333333333333
2 0.30823863636363635 0.44166666666666665 0.03125 0.03333333333333333
1 0.28125 0.40625 0.03409090909090909 0.0375
1 0.26704545454545453 0.3854166666666667 0.028409090909090908 0.029166666666666667
1 0.7826704545454546 0.8208333333333333 0.24147727272727273 0.175
1 0.5582386363636364 0.6291666666666667 0.1278409090909091 0.10833333333333334
1 0.453125 0.5208333333333334 0.09943181818181818 0.06666666666666667
1 0.40625 0.47708333333333336 0.05113636363636364 0.05416666666666667
10 0.3565340909090909 0.40208333333333335 0.08806818181818182 0.1125
1 0.3039772727272727 0.375 0.022727272727272728 0.025
1 0.40625 0.425 0.028409090909090908 0.03333333333333333
