10 0.17755681818181818 0.46458333333333335 0.014204545454545454 0.07083333333333333
1 0.28125 0.6645833333333333 0.10795454545454546 0.1375
2 0.25142045454545453 0.49583333333333335 0.05397727272727273 0.06666666666666667
3 0.24147727272727273 0.45 0.045454545454545456 0.05
1 0.22869318181818182 0.42083333333333334 0.036931818181818184 0.03333333333333333
1 0.22727272727272727 0.3854166666666667 0.03409090909090909 0.029166666666666667
2 0.5653409090909091 0.8083333333333333 0.26136363636363635 0.23333333333333334
1 0.4034090909090909 0.6041666666666666 0.10227272727272728 0.10833333333333334
3 0.35795454545454547 0.5229166666666667 0.07386363636363637 0.0625
1 0.31676136363636365 0.4666666666666667 0.05965909090909091 0.06666666666666667
2 0.29829545454545453 0.425 0.03409090909090909 0.03333333333333333
1 0.26704545454545453 0.38125 0.028409090909090908 0.020833333333333332
3 0.8963068181818182 0.9458333333333333 0.20738636363636365 0.10833333333333334
1 0.6463068181818182 0.6979166666666666 0.16761363636363635 0.12916666666666668
1 0.4928977272727273 0.5625 0.09943181818181818 0.09166666666666666
1 0.4275568181818182 0.5020833333333333 0.08806818181818182 0.0625
1 0.3877840909090909 0.45 0.048295454545454544 0.041666666666666664
10 0.3366477272727273 0.38333333333333336 0.07102272727272728 0.1
1 0.8394886363636364 0.7708333333333334 0.23011363636363635 0.16666666666666666
1 0.3934659090909091 0.42083333333333334 0.04261363636363636 0.03333333333333333
