10 0.17613636363636365 0.44375 0.017045454545454544 0.0625
1 0.2599431818181818 0.61875 0.08806818181818182 0.10416666666666667
1 0.2585227272727273 0.5125 0.0625 0.06666666666666667
2 0.22869318181818182 0.44375 0.048295454545454544 0.05416666666666667
1 0.23011363636363635 0.4083333333333333 0.03977272727272727 0.03333333333333333
1 0.4502840909090909 0.6479166666666667 0.15056818181818182 0.14583333333333334
2 0.3508522727272727 0.5104166666666666 0.07102272727272728 0.0625
1 0.29545454545454547 0.42916666666666664 0.045454545454545456 0.05
1 0.2869318181818182 0.41458333333333336 0.03977272727272727 0.0375
1 0.27698863636363635 0.3958333333333333 0.03125 0.03333333333333333
1 0.4588068181818182 0.5354166666666667 0.08238636363636363 0.07083333333333333
10 0.390625 0.42916666666666664 0.11647727272727272 0.14166666666666666
1 0.3252840909090909 0.40625 0.02556818181818182 0.029166666666666667
1 0.3096590909090909 0.38125 0.028409090909090908 0.020833333333333332
1 0.6107954545454546 0.6208333333333333 0.13636363636363635 0.1
1 0.5071022727272727 0.5020833333333333 0.07670454545454546 0.0625
