10 0.1875 0.40208333333333335 0.011363636363636364 0.04583333333333333
2 0.2471590909090909 0.4354166666666667 0.03977272727272727 0.0375
1 0.23863636363636365 0.4041666666666667 0.03409090909090909 0.041666666666666664
1 0.23295454545454544 0.38125 0.03409090909090909 0.029166666666666667
1 0.33238636363636365 0.4666666666666667 0.0625 0.058333333333333334
3 0.3053977272727273 0.4354166666666667 0.04261363636363636 0.0375
1 0.2911931818181818 0.39791666666666664 0.036931818181818184 0.0375
1 0.48295454545454547 0.4875 0.07954545454545454 0.058333333333333334
1 0.375 0.4479166666666667 0.05113636363636364 0.04583333333333333
1 0.3465909090909091 0.4166666666666667 0.03409090909090909 0.03333333333333333
1 0.32386363636363635 0.3875 0.028409090909090908 0.03333333333333333
6 0.9332386363636364 0.8229166666666666 0.13352272727272727 0.3541666666666667
