10 0.09517045454545454 0.625 0.03125 0.125
1 0.22727272727272727 0.4270833333333333 0.03977272727272727 0.0375
1 0.22869318181818182 0.39791666666666664 0.03125 0.029166666666666667
1 0.32954545454545453 0.48125 0.06818181818181818 0.07916666666666666
1 0.28551136363636365 0.41041666666666665 0.04261363636363636 0.04583333333333333
1 0.2755681818181818 0.39166666666666666 0.03409090909090909 0.03333333333333333
1 0.4588068181818182 0.5229166666666667 0.10511363636363637 0.07083333333333333
1 0.41051136363636365 0.48125 0.05397727272727273 0.05416666666666667
10 0.3622159090909091 0.4041666666666667 0.08806818181818182 0.11666666666666667
2 0.30823863636363635 0.4395833333333333 0.036931818181818184 0.0375
1 0.3025568181818182 0.38333333333333336 0.02556818181818182 0.03333333333333333
1 0.4147727272727273 0.43125 0.028409090909090908 0.029166666666666667
