10 0.1875 0.43333333333333335 0.017045454545454544 0.05
2 0.2528409090909091 0.45625 0.05113636363636364 0.05416666666666667
1 0.24147727272727273 0.4125 0.03409090909090909 0.03333333333333333
1 0.2372159090909091 0.38958333333333334 0.03125 0.029166666666666667
1 0.36363636363636365 0.50625 0.07386363636363637 0.07083333333333333
3 0.3153409090909091 0.4479166666666667 0.05113636363636364 0.0375
1 0.29261363636363635 0.4083333333333333 0.03409090909090909 0.03333333333333333
2 0.28125 0.3854166666666667 0.022727272727272728 0.020833333333333332
1 0.5184659090909091 0.5166666666666667 0.08238636363636363 0.06666666666666667
1 0.40482954545454547 0.4791666666666667 0.05965909090909091 0.058333333333333334
1 0.36079545454545453 0.42916666666666664 0.03977272727272727 0.041666666666666664
1 0.3224431818181818 0.38958333333333334 0.02556818181818182 0.029166666666666667
6 0.8210227272727273 0.8666666666666667 0.35795454545454547 0.26666666666666666
