10 0.16477272727272727 0.53125 0.022727272727272728 0.0875
2 0.3366477272727273 0.9541666666666667 0.21306818181818182 0.09166666666666666
2 0.2528409090909091 0.51875 0.07386363636363637 0.09583333333333334
2 0.2471590909090909 0.45416666666666666 0.03977272727272727 0.03333333333333333
3 0.234375 0.41458333333333336 0.03125 0.0375
2 0.23579545454545456 0.3854166666666667 0.03409090909090909 0.029166666666666667
1 0.47017045454545453 0.8291666666666667 0.20170454545454544 0.20833333333333334
1 0.3693181818181818 0.5666666666666667 0.08522727272727272 0.09166666666666666
1 0.33238636363636365 0.49583333333333335 0.0625 0.058333333333333334
7 0.3153409090909091 0.44375 0.05113636363636364 0.05416666666666667
2 0.2940340909090909 0.42083333333333334 0.036931818181818184 0.041666666666666664
1 0.2840909090909091 0.3958333333333333 0.028409090909090908 0.03333333333333333
1 0.9303977272727273 0.9583333333333334 0.13920454545454544 0.08333333333333333
1 0.6193181818181818 0.6916666666666667 0.17045454545454544 0.14166666666666666
2 0.5028409090909091 0.5583333333333333 0.11363636363636363 0.10833333333333334
3 0.4133522727272727 0.4625 0.06534090909090909 0.058333333333333334
2 0.35795454545454547 0.425 0.03409090909090909 0.03333333333333333
1 0.3352272727272727 0.38958333333333334 0.03409090909090909 0.0375
