2 0.27982954545454547 0.6770833333333334 0.11647727272727272 0.1625
2 0.24573863636363635 0.5229166666666667 0.07102272727272728 0.10416666666666667
1 0.24431818181818182 0.45 0.03977272727272727 0.05
2 0.2315340909090909 0.40625 0.036931818181818184 0.04583333333333333
1 0.6065340909090909 0.9020833333333333 0.2585227272727273 0.19583333333333333
4 0.4119318181818182 0.63125 0.11363636363636363 0.12916666666666668
1 0.34232954545454547 0.5083333333333333 0.06534090909090909 0.06666666666666667
3 0.3125 0.4479166666666667 0.045454545454545456 0.04583333333333333
2 0.29261363636363635 0.4166666666666667 0.03409090909090909 0.03333333333333333
5 0.26420454545454547 0.39166666666666666 0.028409090909090908 0.025
10 0.7982954545454546 0.7708333333333334 0.4034090909090909 0.4583333333333333
1 0.5127840909090909 0.5979166666666667 0.11079545454545454 0.09583333333333334
1 0.4190340909090909 0.5 0.07102272727272728 0.058333333333333334
1 0.35795454545454547 0.4395833333333333 0.045454545454545456 0.04583333333333333
3 0.3309659090909091 0.41041666666666665 0.03125 0.029166666666666667
1 0.3039772727272727 0.375 0.022727272727272728 0.025
2 0.40767045454545453 0.44166666666666665 0.05965909090909091 0.058333333333333334
1 0.3821022727272727 0.41458333333333336 0.036931818181818184 0.029166666666666667
1 0.3465909090909091 0.3958333333333333 0.028409090909090908 0.025
