10 0.18892045454545456 0.41041666666666665 0.014204545454545454 0.04583333333333333
3 0.32386363636363635 0.9479166666666666 0.17045454545454544 0.10416666666666667
2 0.2997159090909091 0.7791666666666667 0.13352272727272727 0.18333333333333332
2 0.2713068181818182 0.6229166666666667 0.08806818181818182 0.1125
1 0.24573863636363635 0.49375 0.05397727272727273 0.0625
1 0.23863636363636365 0.4270833333333333 0.03409090909090909 0.04583333333333333
2 0.23011363636363635 0.3958333333333333 0.03409090909090909 0.03333333333333333
3 0.21875 0.38125 0.028409090909090908 0.029166666666666667
2 0.5028409090909091 0.7645833333333333 0.17613636363636365 0.1875
1 0.4005681818181818 0.5895833333333333 0.09090909090909091 0.09583333333333334
2 0.3224431818181818 0.475 0.06534090909090909 0.075
1 0.29545454545454547 0.425 0.03977272727272727 0.041666666666666664
3 0.2883522727272727 0.39791666666666664 0.02556818181818182 0.029166666666666667
2 0.5980113636363636 0.6520833333333333 0.15625 0.12083333333333333
1 0.48295454545454547 0.53125 0.08522727272727272 0.07083333333333333
3 0.3977272727272727 0.46875 0.056818181818181816 0.05416666666666667
1 0.36363636363636365 0.4354166666666667 0.045454545454545456 0.0375
1 0.32954545454545453 0.4041666666666667 0.03409090909090909 0.03333333333333333
1 0.3508522727272727 0.39375 0.02556818181818182 0.029166666666666667
3 0.9829545454545454 0.9416666666666667 0.03409090909090909 0.11666666666666667
