10 0.1846590909090909 0.4166666666666667 0.017045454545454544 0.06666666666666667
1 0.2897727272727273 0.74375 0.13068181818181818 0.1625
1 0.2556818181818182 0.525 0.0625 0.075
2 0.2471590909090909 0.46875 0.05113636363636364 0.04583333333333333
3 0.234375 0.4375 0.04261363636363636 0.041666666666666664
1 0.22727272727272727 0.4125 0.03409090909090909 0.025
1 0.6534090909090909 0.9395833333333333 0.26136363636363635 0.12083333333333333
2 0.47017045454545453 0.6875 0.17897727272727273 0.16666666666666666
1 0.3806818181818182 0.56875 0.09090909090909091 0.09583333333333334
3 0.3465909090909091 0.50625 0.06818181818181818 0.05416666666666667
1 0.2997159090909091 0.43333333333333335 0.048295454545454544 0.058333333333333334
2 0.28551136363636365 0.4 0.03125 0.03333333333333333
3 0.71875 0.8125 0.22727272727272727 0.18333333333333332
1 0.5568181818181818 0.6166666666666667 0.125 0.1
1 0.4346590909090909 0.50625 0.07386363636363637 0.07083333333333333
1 0.3821022727272727 0.4583333333333333 0.05397727272727273 0.05
1 0.3494318181818182 0.42083333333333334 0.045454545454545456 0.03333333333333333
1 0.6264204545454546 0.5916666666666667 0.12215909090909091 0.09166666666666666
1 0.3877840909090909 0.4125 0.036931818181818184 0.03333333333333333
