10 0.1875 0.40625 0.011363636363636364 0.04583333333333333
2 0.3622159090909091 0.95 0.1846590909090909 0.1
1 0.26704545454545453 0.6166666666666667 0.09090909090909091 0.1
1 0.2528409090909091 0.5104166666666666 0.05113636363636364 0.0625
2 0.24573863636363635 0.46458333333333335 0.04261363636363636 0.04583333333333333
3 0.23579545454545456 0.4395833333333333 0.045454545454545456 0.04583333333333333
1 0.22869318181818182 0.4083333333333333 0.036931818181818184 0.025
1 0.6051136363636364 0.9020833333333333 0.26136363636363635 0.19583333333333333
2 0.4502840909090909 0.6604166666666667 0.16193181818181818 0.15416666666666667
1 0.3678977272727273 0.5479166666666667 0.08238636363636363 0.0875
3 0.3338068181818182 0.48541666666666666 0.05965909090909091 0.05416666666666667
1 0.2940340909090909 0.42083333333333334 0.04261363636363636 0.05
2 0.2840909090909091 0.38958333333333334 0.03409090909090909 0.029166666666666667
3 0.6335227272727273 0.7291666666666666 0.17045454545454544 0.15
1 0.5042613636363636 0.5666666666666667 0.10511363636363637 0.08333333333333333
1 0.41051136363636365 0.4791666666666667 0.06534090909090909 0.058333333333333334
1 0.3650568181818182 0.4395833333333333 0.048295454545454544 0.04583333333333333
1 0.3380681818181818 0.41041666666666665 0.03977272727272727 0.0375
1 0.5383522727272727 0.5270833333333333 0.09943181818181818 0.07083333333333333
1 0.37642045454545453 0.4083333333333333 0.04261363636363636 0.03333333333333333
