10 0.029829545454545456 0.95625 0.05965909090909091 0.0875
10 0.20880681818181818 0.8416666666666667 0.04261363636363636 0.18333333333333332
1 0.375 0.85625 0.17045454545454544 0.2125
1 0.296875 0.6041666666666666 0.08806818181818182 0.10833333333333334
3 0.2528409090909091 0.5083333333333333 0.056818181818181816 0.06666666666666667
2 0.2315340909090909 0.4375 0.048295454545454544 0.058333333333333334
1 0.23295454545454544 0.40208333333333335 0.028409090909090908 0.029166666666666667
1 0.7045454545454546 0.9354166666666667 0.2840909090909091 0.12916666666666668
2 0.41761363636363635 0.60625 0.10795454545454546 0.09583333333333334
2 0.3196022727272727 0.4666666666666667 0.05965909090909091 0.06666666666666667
1 0.29545454545454547 0.43333333333333335 0.045454545454545456 0.041666666666666664
1 0.28125 0.3958333333333333 0.028409090909090908 0.03333333333333333
1 0.2585227272727273 0.38333333333333336 0.022727272727272728 0.025
1 0.7954545454545454 0.8604166666666667 0.2556818181818182 0.19583333333333333
1 0.5497159090909091 0.6208333333333333 0.12215909090909091 0.1
1 0.4431818181818182 0.5041666666666667 0.06818181818181818 0.06666666666666667
1 0.375 0.44583333333333336 0.05113636363636364 0.05
2 0.36079545454545453 0.4166666666666667 0.05113636363636364 0.03333333333333333
3 0.3224431818181818 0.38125 0.03125 0.029166666666666667
